0.00000 0.00000
0.00000 0.00286
0.00000 0.00571
0.00000 0.00857
0.00000 0.01143
0.00000 0.01429
0.00000 0.01714
0.00000 0.02000
0.00000 0.02286
0.00000 0.02571
0.00000 0.02857
0.00000 0.03143
0.00000 0.03429
0.00000 0.03714
0.00000 0.04000
0.00000 0.04018
0.00038 0.04147
0.00288 0.04359
0.00903 0.04644
0.00930 0.04657
0.01785 0.04939
0.02061 0.05038
0.03101 0.05319
0.03721 0.05502
0.04889 0.05780
0.05896 0.06044
0.07143 0.06319
0.08287 0.06595
0.08533 0.06658
0.09827 0.06930
0.11024 0.07203
0.11578 0.07337
0.12897 0.07605
0.14125 0.07875
0.14974 0.08073
0.16302 0.08337
0.17548 0.08602
0.18667 0.08857
0.19999 0.09116
0.21256 0.09377
0.22446 0.09640
0.22619 0.09679
0.23950 0.09933
0.25215 0.10189
0.26418 0.10446
0.26795 0.10530
0.28127 0.10778
0.29398 0.11028
0.30613 0.11280
0.31175 0.11401
0.32506 0.11642
0.33783 0.11885
0.35009 0.12130
0.35736 0.12281
0.37068 0.12514
0.38352 0.12749
0.39588 0.12986
0.40466 0.13162
0.41799 0.13386
0.43087 0.13613
0.44334 0.13842
0.45350 0.14036
0.46683 0.14250
0.47977 0.14467
0.49233 0.14687
0.50378 0.14895
0.51711 0.15099
0.53008 0.15306
0.54271 0.15515
0.55499 0.15727
0.55538 0.15734
0.56868 0.15927
0.58166 0.16123
0.59432 0.16321
0.60668 0.16522
0.60812 0.16546
0.62138 0.16728
0.63435 0.16912
0.64704 0.17099
0.65945 0.17289
0.66189 0.17327
0.67508 0.17497
0.68802 0.17670
0.70071 0.17846
0.71314 0.18024
0.71649 0.18074
0.72960 0.18231
0.74249 0.18392
0.75516 0.18556
0.76760 0.18723
0.77174 0.18780
0.78477 0.18926
0.79760 0.19075
0.81023 0.19227
0.82266 0.19382
0.82745 0.19443
0.84040 0.19577
0.85316 0.19714
0.86575 0.19854
0.87816 0.19997
0.88341 0.20059
0.89627 0.20180
0.90898 0.20304
0.92154 0.20432
0.93393 0.20562
0.93944 0.20622
0.95224 0.20730
0.96491 0.20841
0.97743 0.20955
0.98982 0.21073
0.99538 0.21127
1.00813 0.21221
1.02076 0.21318
1.03328 0.21419
1.04568 0.21522
1.05110 0.21569
1.06382 0.21648
1.07644 0.21729
1.08897 0.21815
1.10139 0.21903
1.10652 0.21941
1.11922 0.22002
1.13184 0.22067
1.14439 0.22136
1.15686 0.22208
1.16160 0.22236
1.17430 0.22279
1.18694 0.22326
1.19952 0.22376
1.21205 0.22429
1.21642 0.22449
1.22910 0.22472
1.24176 0.22498
1.25438 0.22528
1.26696 0.22561
1.27109 0.22573
1.28374 0.22574
1.29640 0.22578
1.30904 0.22586
1.32168 0.22598
1.32582 0.22603
1.33843 0.22582
1.35106 0.22564
1.36371 0.22550
1.37638 0.22539
1.38093 0.22536
1.39347 0.22493
1.40606 0.22453
1.41870 0.22417
1.43137 0.22385
1.43684 0.22372
1.44931 0.22309
1.46185 0.22249
1.47445 0.22192
1.48712 0.22139
1.49407 0.22112
1.50648 0.22031
1.51899 0.21953
1.53158 0.21879
1.54425 0.21809
1.55325 0.21761
1.56566 0.21667
1.57819 0.21575
1.59081 0.21487
1.60354 0.21403
1.61513 0.21330
1.62763 0.21226
1.64026 0.21125
1.65300 0.21027
1.66586 0.20933
1.67884 0.20843
1.68055 0.20831
1.69326 0.20722
1.70610 0.20617
1.71908 0.20514
1.73218 0.20416
1.74540 0.20321
1.75042 0.20286
1.76348 0.20176
1.77667 0.20071
1.78999 0.19968
1.80346 0.19870
1.81705 0.19775
1.82565 0.19717
1.83918 0.19613
1.85284 0.19512
1.86665 0.19415
1.88059 0.19321
1.89466 0.19232
1.90704 0.19156
1.92114 0.19062
1.93539 0.18971
1.94976 0.18883
1.96427 0.18800
1.97890 0.18721
1.99366 0.18646
1.99510 0.18639
2.00984 0.18558
2.02471 0.18482
2.03970 0.18410
2.05481 0.18342
2.07002 0.18279
2.08533 0.18219
2.08986 0.18202
2.10523 0.18142
2.12069 0.18085
2.13625 0.18033
2.15189 0.17986
2.16761 0.17942
2.18341 0.17904
2.19061 0.17887
2.20647 0.17851
2.22239 0.17819
2.23836 0.17792
2.25438 0.17769
2.27044 0.17750
2.28652 0.17736
2.29572 0.17731
2.31183 0.17722
2.32796 0.17718
2.34408 0.17719
2.36020 0.17725
2.37630 0.17735
2.39239 0.17749
2.40267 0.17761
2.41870 0.17784
2.43468 0.17811
2.45061 0.17842
2.46648 0.17878
2.48228 0.17919
2.49801 0.17964
2.50833 0.17996
2.52389 0.18051
2.53935 0.18110
2.55470 0.18174
2.56995 0.18241
2.58508 0.18313
2.60008 0.18389
2.60941 0.18439
2.62413 0.18526
2.63872 0.18617
2.65316 0.18712
2.66745 0.18811
2.68159 0.18913
2.69557 0.19020
2.70308 0.19079
2.71668 0.19196
2.73012 0.19318
2.74338 0.19442
2.75647 0.19570
2.76940 0.19702
2.78214 0.19837
2.78730 0.19892
2.79960 0.20038
2.81172 0.20187
2.82366 0.20339
2.83542 0.20494
2.84700 0.20652
2.85841 0.20812
2.86099 0.20849
2.87191 0.21021
2.88265 0.21194
2.89321 0.21371
2.90360 0.21549
2.91382 0.21730
2.92387 0.21914
2.92393 0.21915
2.93347 0.22108
2.94284 0.22304
2.95205 0.22502
2.96110 0.22701
2.96999 0.22903
2.97651 0.23054
2.98473 0.23267
2.99281 0.23481
3.00073 0.23697
3.00851 0.23915
3.01615 0.24134
3.01954 0.24233
3.02653 0.24462
3.03339 0.24693
3.04012 0.24925
3.04673 0.25158
3.05322 0.25392
3.05402 0.25421
3.05987 0.25664
3.06562 0.25909
3.07126 0.26154
3.07679 0.26400
3.08100 0.26590
3.08582 0.26845
3.09056 0.27101
3.09520 0.27357
3.09976 0.27614
3.10155 0.27717
3.10544 0.27981
3.10925 0.28246
3.11299 0.28511
3.11666 0.28777
3.11669 0.28779
3.11972 0.29051
3.12269 0.29323
3.12561 0.29595
3.12733 0.29758
3.12959 0.30035
3.13181 0.30313
3.13399 0.30591
3.13436 0.30638
3.13592 0.30920
3.13746 0.31201
3.13856 0.31406
3.13951 0.31691
3.14045 0.31975
3.14070 0.32051
3.14114 0.32337
3.14148 0.32564
3.14157 0.32849
3.14159 0.32936
3.14170 0.33165
3.14249 0.33245
3.14462 0.33178
3.14883 0.32965
3.15355 0.32725
3.15585 0.32609
3.16089 0.32375
3.16601 0.32142
3.16650 0.32120
3.17198 0.31895
3.17754 0.31670
3.18163 0.31508
3.18763 0.31293
3.19371 0.31079
3.19987 0.30866
3.20218 0.30788
3.20875 0.30585
3.21540 0.30384
3.22215 0.30184
3.22898 0.29986
3.22917 0.29980
3.23636 0.29792
3.24363 0.29605
3.25100 0.29420
3.25846 0.29236
3.26364 0.29111
3.27149 0.28938
3.27943 0.28767
3.28747 0.28599
3.29560 0.28432
3.30382 0.28266
3.30667 0.28210
3.31521 0.28056
3.32385 0.27903
3.33259 0.27753
3.34141 0.27605
3.35033 0.27459
3.35925 0.27317
3.36851 0.27183
3.37786 0.27051
3.38730 0.26922
3.39684 0.26795
3.40646 0.26671
3.41617 0.26549
3.42219 0.26475
3.43215 0.26364
3.44220 0.26255
3.45233 0.26149
3.46254 0.26046
3.47283 0.25946
3.48320 0.25848
3.49364 0.25753
3.49589 0.25733
3.50650 0.25648
3.51718 0.25565
3.52792 0.25485
3.53874 0.25408
3.54961 0.25334
3.56055 0.25263
3.57155 0.25195
3.58011 0.25145
3.59125 0.25087
3.60243 0.25032
3.61367 0.24980
3.62495 0.24931
3.63628 0.24886
3.64764 0.24844
3.65905 0.24805
3.67048 0.24769
3.67377 0.24759
3.68526 0.24731
3.69678 0.24706
3.70831 0.24684
3.71987 0.24665
3.73144 0.24650
3.74302 0.24637
3.75461 0.24629
3.76621 0.24623
3.77486 0.24621
3.78646 0.24623
3.79806 0.24628
3.80966 0.24636
3.82124 0.24648
3.83281 0.24663
3.84437 0.24681
3.85591 0.24703
3.86742 0.24728
3.87892 0.24756
3.88051 0.24760
3.89197 0.24791
3.90340 0.24826
3.91480 0.24864
3.92616 0.24906
3.93748 0.24950
3.94876 0.24998
3.96000 0.25049
3.97119 0.25103
3.98232 0.25160
3.98746 0.25187
3.99854 0.25247
4.00957 0.25310
4.02054 0.25376
4.03145 0.25445
4.04231 0.25516
4.05310 0.25591
4.06382 0.25669
4.07448 0.25750
4.08508 0.25833
4.09257 0.25895
4.10309 0.25980
4.11354 0.26067
4.12392 0.26158
4.13423 0.26251
4.14446 0.26347
4.15462 0.26446
4.16470 0.26547
4.17470 0.26651
4.18462 0.26758
4.19332 0.26855
4.20318 0.26961
4.21296 0.27070
4.22266 0.27181
4.23228 0.27295
4.24182 0.27411
4.25128 0.27530
4.26066 0.27651
4.26995 0.27775
4.27916 0.27901
4.28809 0.28027
4.29726 0.28150
4.30636 0.28275
4.31537 0.28403
4.32431 0.28534
4.33316 0.28666
4.34193 0.28801
4.35061 0.28938
4.35922 0.29077
4.36774 0.29218
4.37615 0.29360
4.38468 0.29497
4.39314 0.29635
4.40152 0.29775
4.40982 0.29917
4.41804 0.30062
4.42618 0.30208
4.43424 0.30357
4.44223 0.30507
4.45013 0.30659
4.45753 0.30805
4.46551 0.30950
4.47342 0.31096
4.48125 0.31245
4.48900 0.31395
4.49668 0.31548
4.50429 0.31702
4.51182 0.31858
4.51928 0.32015
4.52667 0.32175
4.53276 0.32309
4.54029 0.32458
4.54774 0.32609
4.55512 0.32762
4.56244 0.32917
4.56969 0.33073
4.57686 0.33232
4.58397 0.33391
4.59102 0.33553
4.59799 0.33716
4.60263 0.33826
4.60981 0.33976
4.61692 0.34128
4.62396 0.34282
4.63094 0.34437
4.63786 0.34594
4.64472 0.34752
4.65151 0.34912
4.65825 0.35074
4.66492 0.35237
4.66806 0.35315
4.67498 0.35462
4.68184 0.35611
4.68865 0.35762
4.69540 0.35914
4.70209 0.36068
4.70872 0.36223
4.71530 0.36380
4.72182 0.36538
4.72828 0.36698
4.72994 0.36740
4.73670 0.36881
4.74340 0.37023
4.75005 0.37167
4.75665 0.37313
4.76320 0.37460
4.76969 0.37609
4.77614 0.37760
4.78253 0.37912
4.78887 0.38065
4.78912 0.38072
4.79578 0.38203
4.80239 0.38335
4.80895 0.38470
4.81547 0.38606
4.82194 0.38744
4.82837 0.38883
4.83475 0.39024
4.84109 0.39166
4.84635 0.39287
4.85296 0.39405
4.85953 0.39525
4.86605 0.39647
4.87254 0.39771
4.87899 0.39896
4.88540 0.40023
4.89177 0.40151
4.89809 0.40281
4.90225 0.40368
4.90885 0.40471
4.91541 0.40576
4.92193 0.40683
4.92842 0.40791
4.93487 0.40901
4.94129 0.41013
4.94768 0.41126
4.95403 0.41241
4.95737 0.41303
4.96396 0.41389
4.97052 0.41477
4.97706 0.41566
4.98356 0.41657
4.99004 0.41750
4.99649 0.41845
5.00291 0.41942
5.00930 0.42040
5.01210 0.42084
5.01869 0.42151
5.02526 0.42220
5.03181 0.42291
5.03834 0.42364
5.04484 0.42439
5.05132 0.42515
5.05778 0.42594
5.06422 0.42674
5.06677 0.42706
5.07336 0.42755
5.07993 0.42805
5.08649 0.42857
5.09303 0.42911
5.09956 0.42967
5.10607 0.43024
5.11256 0.43084
5.11903 0.43145
5.12158 0.43170
5.12816 0.43199
5.13473 0.43231
5.14130 0.43264
5.14785 0.43299
5.15439 0.43336
5.16092 0.43375
5.16743 0.43415
5.17394 0.43458
5.17667 0.43476
5.18324 0.43487
5.18980 0.43500
5.19636 0.43515
5.20291 0.43531
5.20946 0.43550
5.21600 0.43570
5.22254 0.43592
5.22907 0.43616
5.23208 0.43628
5.23863 0.43621
5.24518 0.43616
5.25173 0.43613
5.25828 0.43612
5.26483 0.43612
5.27138 0.43615
5.27793 0.43619
5.28448 0.43626
5.28780 0.43629
5.29433 0.43605
5.30086 0.43583
5.30740 0.43563
5.31395 0.43544
5.32050 0.43528
5.32706 0.43513
5.33362 0.43500
5.34018 0.43489
5.34374 0.43484
5.35025 0.43444
5.35677 0.43405
5.36330 0.43368
5.36984 0.43333
5.37639 0.43299
5.38295 0.43268
5.38952 0.43238
5.39610 0.43211
5.39978 0.43196
5.40626 0.43139
5.41276 0.43084
5.41928 0.43030
5.42582 0.42979
5.43237 0.42929
5.43893 0.42881
5.44551 0.42835
5.45211 0.42791
5.45574 0.42767
5.46220 0.42694
5.46868 0.42623
5.47519 0.42553
5.48172 0.42485
5.48826 0.42419
5.49483 0.42354
5.50142 0.42292
5.50802 0.42231
5.51145 0.42201
5.51788 0.42111
5.52434 0.42023
5.53083 0.41936
5.53734 0.41852
5.54389 0.41769
5.55045 0.41688
5.55704 0.41609
5.56366 0.41532
5.56670 0.41497
5.57309 0.41391
5.57952 0.41286
5.58598 0.41183
5.59248 0.41081
5.59900 0.40982
5.60556 0.40884
5.61215 0.40788
5.61877 0.40693
5.62130 0.40658
5.62765 0.40534
5.63403 0.40413
5.64045 0.40292
5.64692 0.40174
5.65342 0.40057
5.65995 0.39942
5.66653 0.39828
5.67314 0.39717
5.67506 0.39685
5.68134 0.39544
5.68766 0.39405
5.69403 0.39268
5.70044 0.39132
5.70690 0.38998
5.71340 0.38865
5.71995 0.38734
5.72654 0.38605
5.72781 0.38580
5.73400 0.38423
5.74025 0.38267
5.74654 0.38112
5.75288 0.37959
5.75928 0.37807
5.76572 0.37657
5.77222 0.37509
5.77877 0.37362
5.77940 0.37348
5.78548 0.37174
5.79162 0.37002
5.79782 0.36830
5.80407 0.36661
5.81038 0.36492
5.81675 0.36325
5.82318 0.36160
5.82967 0.35996
5.82968 0.35996
5.83564 0.35806
5.84165 0.35618
5.84773 0.35431
5.85388 0.35245
5.86009 0.35061
5.86636 0.34878
5.87270 0.34696
5.87853 0.34532
5.88434 0.34328
5.89022 0.34125
5.89617 0.33924
5.90219 0.33723
5.90829 0.33524
5.91445 0.33326
5.92069 0.33130
5.92582 0.32970
5.93148 0.32753
5.93722 0.32538
5.94303 0.32323
5.94892 0.32109
5.95489 0.31897
5.96093 0.31685
5.96706 0.31475
5.97144 0.31327
5.97695 0.31099
5.98254 0.30872
5.98821 0.30646
5.99396 0.30420
5.99980 0.30196
6.00573 0.29973
6.01174 0.29751
6.01522 0.29624
6.02058 0.29386
6.02602 0.29149
6.03156 0.28913
6.03718 0.28677
6.04290 0.28443
6.04871 0.28209
6.05462 0.27977
6.05700 0.27884
6.06221 0.27638
6.06751 0.27392
6.07292 0.27147
6.07842 0.26903
6.08401 0.26660
6.08972 0.26418
6.09553 0.26176
6.09651 0.26136
6.10158 0.25882
6.10675 0.25630
6.11203 0.25378
6.11741 0.25126
6.12289 0.24876
6.12849 0.24626
6.13345 0.24409
6.13837 0.24150
6.14341 0.23891
6.14855 0.23633
6.15381 0.23375
6.15919 0.23118
6.16468 0.22862
6.16740 0.22738
6.17217 0.22473
6.17705 0.22209
6.18205 0.21946
6.18717 0.21683
6.19241 0.21420
6.19779 0.21158
6.19785 0.21155
6.20242 0.20886
6.20711 0.20617
6.21193 0.20349
6.21687 0.20082
6.22194 0.19814
6.22423 0.19696
6.22854 0.19423
6.23298 0.19151
6.23754 0.18878
6.24223 0.18607
6.24596 0.18396
6.24991 0.18120
6.25398 0.17844
6.25818 0.17568
6.26251 0.17292
6.26257 0.17288
6.26602 0.17009
6.26958 0.16730
6.27327 0.16450
6.27388 0.16405
6.27668 0.16123
6.27958 0.15841
6.28029 0.15773
6.28190 0.15489
6.28319 0.15268
6.28356 0.15508
6.28491 0.15793
6.28609 0.16050
6.28833 0.16333
6.29049 0.16617
6.29248 0.16886
6.29547 0.17167
6.29837 0.17449
6.30117 0.17730
6.30380 0.18003
6.30737 0.18281
6.31082 0.18560
6.31418 0.18839
6.31743 0.19117
6.32041 0.19380
6.32438 0.19655
6.32824 0.19930
6.33199 0.20205
6.33565 0.20481
6.33920 0.20757
6.34214 0.20991
6.34638 0.21262
6.35051 0.21534
6.35454 0.21806
6.35847 0.22078
6.36231 0.22351
6.36605 0.22624
6.36852 0.22808
6.37293 0.23075
6.37724 0.23343
6.38145 0.23611
6.38557 0.23880
6.38960 0.24148
6.39353 0.24418
6.39738 0.24687
6.39897 0.24800
6.40349 0.25063
6.40791 0.25326
6.41225 0.25590
6.41649 0.25854
6.42065 0.26118
6.42472 0.26383
6.42872 0.26648
6.43263 0.26914
6.43292 0.26934
6.43751 0.27192
6.44201 0.27450
6.44642 0.27708
6.45076 0.27967
6.45501 0.28226
6.45919 0.28487
6.46329 0.28747
6.46732 0.29008
6.46986 0.29176
6.47450 0.29427
6.47905 0.29679
6.48353 0.29932
6.48793 0.30185
6.49226 0.30439
6.49652 0.30693
6.50071 0.30948
6.50483 0.31203
6.50888 0.31459
6.50937 0.31491
6.51405 0.31735
6.51865 0.31981
6.52319 0.32226
6.52765 0.32473
6.53205 0.32720
6.53638 0.32968
6.54064 0.33216
6.54485 0.33465
6.54899 0.33715
6.55115 0.33847
6.55586 0.34083
6.56051 0.34321
6.56510 0.34559
6.56962 0.34798
6.57408 0.35037
6.57848 0.35277
6.58282 0.35518
6.58710 0.35760
6.59133 0.36002
6.59493 0.36212
6.59969 0.36439
6.60438 0.36668
6.60902 0.36897
6.61360 0.37127
6.61813 0.37357
6.62259 0.37589
6.62701 0.37821
6.63137 0.38054
6.63567 0.38288
6.63993 0.38522
6.64054 0.38557
6.64534 0.38774
6.65008 0.38992
6.65477 0.39211
6.65941 0.39431
6.66399 0.39652
6.66853 0.39874
6.67301 0.40096
6.67745 0.40319
6.68183 0.40544
6.68617 0.40768
6.68784 0.40856
6.69267 0.41062
6.69746 0.41269
6.70219 0.41477
6.70688 0.41686
6.71152 0.41896
6.71612 0.42106
6.72067 0.42318
6.72517 0.42530
6.72963 0.42743
6.73405 0.42957
6.73669 0.43087
6.74155 0.43281
6.74637 0.43475
6.75115 0.43671
6.75588 0.43868
6.76057 0.44066
6.76522 0.44264
6.76983 0.44464
6.77440 0.44664
6.77892 0.44866
6.78341 0.45068
6.78697 0.45231
6.79185 0.45411
6.79670 0.45593
6.80151 0.45776
6.80628 0.45960
6.81101 0.46144
6.81570 0.46330
6.82036 0.46517
6.82498 0.46705
6.82956 0.46894
6.83411 0.47084
6.83855 0.47272
6.84345 0.47439
6.84832 0.47607
6.85314 0.47776
6.85794 0.47946
6.86270 0.48117
6.86743 0.48290
6.87212 0.48463
6.87678 0.48638
6.88140 0.48813
6.88600 0.48990
6.89055 0.49168
6.89131 0.49197
6.89621 0.49350
6.90108 0.49504
6.90591 0.49660
6.91072 0.49816
6.91550 0.49973
6.92025 0.50132
6.92496 0.50292
6.92965 0.50453
6.93431 0.50615
6.93893 0.50778
6.94353 0.50942
6.94507 0.50998
6.94996 0.51136
6.95483 0.51276
6.95966 0.51418
6.96447 0.51560
6.96926 0.51704
6.97402 0.51848
6.97875 0.51994
6.98345 0.52141
6.98813 0.52290
6.99278 0.52439
6.99740 0.52590
6.99967 0.52664
7.00455 0.52789
7.00940 0.52915
7.01423 0.53042
7.01904 0.53170
7.02382 0.53300
7.02858 0.53431
7.03332 0.53563
7.03803 0.53696
7.04272 0.53831
7.04738 0.53966
7.05202 0.54103
7.05493 0.54190
7.05978 0.54300
7.06462 0.54412
7.06943 0.54526
7.07423 0.54640
7.07901 0.54756
7.08376 0.54873
7.08850 0.54991
7.09321 0.55110
7.09791 0.55231
7.10258 0.55353
7.10723 0.55476
7.11063 0.55567
7.11547 0.55664
7.12029 0.55762
7.12509 0.55861
7.12987 0.55961
7.13464 0.56063
7.13938 0.56166
7.14412 0.56271
7.14883 0.56376
7.15353 0.56483
7.15820 0.56591
7.16286 0.56700
7.16659 0.56789
7.17141 0.56871
7.17621 0.56955
7.18099 0.57040
7.18577 0.57126
7.19052 0.57214
7.19527 0.57303
7.19999 0.57393
7.20471 0.57484
7.20940 0.57577
7.21409 0.57671
7.21875 0.57766
7.22263 0.57846
7.22742 0.57914
7.23221 0.57983
7.23698 0.58053
7.24174 0.58125
7.24649 0.58198
7.25123 0.58272
7.25596 0.58347
7.26067 0.58424
7.26537 0.58502
7.27006 0.58582
7.27474 0.58662
7.27857 0.58730
7.28335 0.58782
7.28812 0.58835
7.29289 0.58890
7.29764 0.58946
7.30239 0.59003
7.30712 0.59062
7.31185 0.59122
7.31657 0.59183
7.32128 0.59246
7.32597 0.59310
7.33066 0.59375
7.33429 0.59427
7.33906 0.59462
7.34382 0.59499
7.34858 0.59537
7.35333 0.59577
7.35807 0.59618
7.36281 0.59660
7.36754 0.59704
7.37227 0.59749
7.37698 0.59795
7.38169 0.59842
7.38639 0.59891
7.38970 0.59926
7.39446 0.59944
7.39921 0.59963
7.40397 0.59984
7.40871 0.60005
7.41346 0.60028
7.41820 0.60053
7.42294 0.60079
7.42767 0.60106
7.43240 0.60134
7.43712 0.60164
7.44184 0.60195
7.44479 0.60215
7.44954 0.60214
7.45428 0.60214
7.45903 0.60215
7.46377 0.60218
7.46851 0.60222
7.47326 0.60228
7.47800 0.60234
7.48274 0.60242
7.48748 0.60252
7.49222 0.60263
7.49696 0.60275
7.49960 0.60282
7.50433 0.60261
7.50906 0.60241
7.51380 0.60222
7.51853 0.60204
7.52327 0.60188
7.52801 0.60173
7.53276 0.60160
7.53750 0.60148
7.54225 0.60137
7.54700 0.60128
7.55175 0.60120
7.55427 0.60116
7.55897 0.60074
7.56368 0.60033
7.56840 0.59994
7.57312 0.59956
7.57785 0.59919
7.58258 0.59883
7.58732 0.59849
7.59206 0.59817
7.59681 0.59785
7.60156 0.59755
7.60632 0.59726
7.60900 0.59711
7.61367 0.59648
7.61836 0.59587
7.62305 0.59527
7.62775 0.59469
7.63246 0.59411
7.63717 0.59355
7.64190 0.59301
7.64664 0.59247
7.65138 0.59195
7.65613 0.59145
7.66089 0.59095
7.66412 0.59063
7.66876 0.58981
7.67341 0.58901
7.67807 0.58821
7.68275 0.58744
7.68744 0.58667
7.69214 0.58592
7.69685 0.58518
7.70157 0.58445
7.70631 0.58374
7.71106 0.58303
7.71582 0.58235
7.72002 0.58175
7.72463 0.58076
7.72926 0.57979
7.73391 0.57883
7.73857 0.57788
7.74324 0.57694
7.74793 0.57602
7.75263 0.57510
7.75735 0.57420
7.76209 0.57332
7.76684 0.57244
7.77160 0.57158
7.77638 0.57074
7.77725 0.57058
7.78185 0.56946
7.78648 0.56834
7.79112 0.56724
7.79578 0.56615
7.80046 0.56507
7.80515 0.56400
7.80986 0.56295
7.81459 0.56191
7.81934 0.56088
7.82411 0.55986
7.82889 0.55886
7.83369 0.55787
7.83643 0.55731
7.84106 0.55608
7.84571 0.55486
7.85038 0.55365
7.85507 0.55245
7.85978 0.55127
7.86452 0.55009
7.86927 0.54893
7.87404 0.54779
7.87883 0.54665
7.88364 0.54553
7.88847 0.54442
7.89333 0.54332
7.89820 0.54224
7.89831 0.54221
7.90301 0.54092
7.90773 0.53963
7.91248 0.53835
7.91724 0.53709
7.92203 0.53584
7.92684 0.53460
7.93167 0.53338
7.93653 0.53216
7.94141 0.53096
7.94631 0.52977
7.95123 0.52860
7.95617 0.52744
7.96114 0.52629
7.96374 0.52569
7.96856 0.52437
7.97340 0.52305
7.97827 0.52175
7.98317 0.52047
7.98809 0.51919
7.99303 0.51793
7.99800 0.51668
8.00299 0.51544
8.00800 0.51422
8.01304 0.51301
8.01810 0.51181
8.02319 0.51063
8.02830 0.50945
8.03343 0.50830
8.03361 0.50826
8.03861 0.50695
8.04364 0.50565
8.04870 0.50437
8.05378 0.50310
8.05889 0.50184
8.06402 0.50060
8.06918 0.49937
8.07436 0.49815
8.07957 0.49695
8.08480 0.49576
8.09006 0.49458
8.09534 0.49342
8.10065 0.49227
8.10598 0.49114
8.10884 0.49054
8.11409 0.48929
8.11936 0.48805
8.12466 0.48683
8.12998 0.48562
8.13534 0.48443
8.14071 0.48325
8.14612 0.48209
8.15155 0.48093
8.15700 0.47980
8.16249 0.47867
8.16799 0.47756
8.17353 0.47647
8.17909 0.47539
8.18467 0.47433
8.19023 0.47329
8.19577 0.47214
8.20133 0.47101
8.20692 0.46990
8.21254 0.46880
8.21819 0.46771
8.22386 0.46664
8.22955 0.46559
8.23528 0.46455
8.24102 0.46353
8.24680 0.46252
8.25259 0.46152
8.25842 0.46055
8.26427 0.45958
8.27014 0.45864
8.27603 0.45771
8.27829 0.45736
8.28415 0.45636
8.29004 0.45539
8.29596 0.45443
8.30190 0.45348
8.30786 0.45255
8.31385 0.45164
8.31986 0.45074
8.32590 0.44986
8.33196 0.44900
8.33804 0.44815
8.34415 0.44732
8.35028 0.44651
8.35643 0.44571
8.36260 0.44493
8.36880 0.44417
8.37305 0.44366
8.37924 0.44286
8.38546 0.44209
8.39169 0.44133
8.39795 0.44058
8.40423 0.43986
8.41052 0.43915
8.41684 0.43846
8.42318 0.43779
8.42954 0.43713
8.43591 0.43649
8.44231 0.43587
8.44872 0.43527
8.45515 0.43469
8.46160 0.43412
8.46806 0.43357
8.47380 0.43310
8.48028 0.43255
8.48677 0.43202
8.49328 0.43151
8.49980 0.43101
8.50634 0.43053
8.51290 0.43007
8.51946 0.42963
8.52604 0.42921
8.53264 0.42881
8.53924 0.42842
8.54586 0.42806
8.55249 0.42771
8.55913 0.42738
8.56577 0.42707
8.57243 0.42678
8.57891 0.42652
8.58558 0.42625
8.59226 0.42600
8.59894 0.42577
8.60564 0.42556
8.61234 0.42537
8.61904 0.42519
8.62576 0.42504
8.63247 0.42490
8.63919 0.42479
8.64591 0.42469
8.65264 0.42461
8.65937 0.42456
8.66610 0.42452
8.67283 0.42450
8.67956 0.42450
8.68586 0.42452
8.69259 0.42456
8.69932 0.42462
8.70604 0.42470
8.71277 0.42480
8.71949 0.42492
8.72620 0.42506
8.73291 0.42522
8.73962 0.42540
8.74631 0.42559
8.75301 0.42581
8.75969 0.42604
8.76637 0.42630
8.77304 0.42657
8.77970 0.42686
8.78635 0.42717
8.79151 0.42742
8.79814 0.42779
8.80475 0.42818
8.81135 0.42859
8.81794 0.42902
8.82452 0.42946
8.83108 0.42992
8.83763 0.43040
8.84416 0.43090
8.85068 0.43142
8.85718 0.43196
8.86366 0.43251
8.87013 0.43309
8.87658 0.43368
8.88301 0.43429
8.88942 0.43491
8.89260 0.43523
8.89896 0.43593
8.90530 0.43664
8.91162 0.43737
8.91792 0.43812
8.92419 0.43889
8.93045 0.43967
8.93668 0.44047
8.94289 0.44129
8.94908 0.44213
8.95524 0.44298
8.96138 0.44385
8.96749 0.44473
8.97358 0.44564
8.97965 0.44655
8.98569 0.44749
8.98626 0.44758
8.99223 0.44859
8.99816 0.44962
9.00407 0.45066
9.00995 0.45172
9.01581 0.45279
9.02163 0.45388
9.02743 0.45499
9.03320 0.45611
9.03894 0.45724
9.04466 0.45839
9.05034 0.45956
9.05599 0.46074
9.06162 0.46193
9.06722 0.46314
9.07048 0.46386
9.07596 0.46516
9.08140 0.46648
9.08681 0.46781
9.09219 0.46915
9.09754 0.47051
9.10286 0.47188
9.10815 0.47327
9.11341 0.47467
9.11863 0.47608
9.12383 0.47750
9.12899 0.47894
9.13413 0.48039
9.13923 0.48185
9.14418 0.48329
9.14911 0.48485
9.15401 0.48643
9.15888 0.48802
9.16372 0.48963
9.16853 0.49124
9.17331 0.49286
9.17805 0.49450
9.18277 0.49615
9.18745 0.49781
9.19210 0.49948
9.19672 0.50115
9.20131 0.50285
9.20586 0.50455
9.20712 0.50502
9.21150 0.50682
9.21585 0.50863
9.22017 0.51045
9.22446 0.51228
9.22872 0.51412
9.23295 0.51597
9.23715 0.51783
9.24131 0.51970
9.24545 0.52157
9.24956 0.52346
9.25364 0.52535
9.25769 0.52726
9.25970 0.52821
9.26354 0.53022
9.26736 0.53223
9.27114 0.53425
9.27490 0.53628
9.27862 0.53832
9.28232 0.54037
9.28599 0.54242
9.28964 0.54448
9.29325 0.54655
9.29684 0.54862
9.30040 0.55070
9.30273 0.55207
9.30606 0.55426
9.30936 0.55645
9.31263 0.55865
9.31588 0.56085
9.31911 0.56306
9.32231 0.56528
9.32548 0.56750
9.32863 0.56972
9.33175 0.57195
9.33485 0.57419
9.33720 0.57590
9.34005 0.57824
9.34287 0.58058
9.34567 0.58293
9.34844 0.58528
9.35120 0.58764
9.35393 0.59000
9.35664 0.59237
9.35933 0.59474
9.36200 0.59711
9.36419 0.59908
9.36658 0.60155
9.36896 0.60402
9.37131 0.60649
9.37365 0.60897
9.37597 0.61146
9.37827 0.61394
9.38055 0.61643
9.38281 0.61892
9.38474 0.62106
9.38672 0.62364
9.38868 0.62622
9.39063 0.62880
9.39256 0.63139
9.39447 0.63398
9.39637 0.63657
9.39825 0.63916
9.39987 0.64140
9.40146 0.64407
9.40304 0.64674
9.40461 0.64941
9.40616 0.65209
9.40770 0.65476
9.40922 0.65744
9.41052 0.65972
9.41175 0.66246
9.41296 0.66520
9.41417 0.66794
9.41537 0.67069
9.41656 0.67343
9.41754 0.67570
9.41843 0.67849
9.41932 0.68129
9.42019 0.68408
9.42106 0.68687
9.42174 0.68908
9.42232 0.69191
9.42290 0.69474
9.42347 0.69757
9.42388 0.69967
9.42418 0.70252
9.42447 0.70537
9.42467 0.70730
9.42474 0.71015
9.42478 0.71186
9.42489 0.71331
9.42567 0.71161
9.42688 0.70888
9.42781 0.70680
9.42923 0.70413
9.43067 0.70145
9.43202 0.69897
9.43370 0.69636
9.43539 0.69376
9.43710 0.69116
9.43882 0.68856
9.43904 0.68824
9.44100 0.68572
9.44298 0.68320
9.44497 0.68069
9.44697 0.67818
9.44899 0.67567
9.44968 0.67482
9.45194 0.67240
9.45421 0.66998
9.45650 0.66757
9.45880 0.66516
9.46112 0.66275
9.46346 0.66035
9.46481 0.65897
9.46738 0.65667
9.46996 0.65437
9.47256 0.65207
9.47518 0.64978
9.47782 0.64749
9.48048 0.64520
9.48315 0.64292
9.48537 0.64105
9.48826 0.63888
9.49117 0.63670
9.49410 0.63454
9.49706 0.63238
9.50003 0.63022
9.50302 0.62807
9.50603 0.62593
9.50907 0.62379
9.51212 0.62166
9.51235 0.62150
9.51559 0.61947
9.51885 0.61744
9.52213 0.61542
9.52544 0.61341
9.52876 0.61141
9.53211 0.60941
9.53547 0.60742
9.53886 0.60543
9.54228 0.60346
9.54571 0.60149
9.54683 0.60085
9.55043 0.59899
9.55406 0.59713
9.55771 0.59527
9.56138 0.59343
9.56508 0.59159
9.56879 0.58977
9.57254 0.58795
9.57630 0.58614
9.58009 0.58433
9.58390 0.58254
9.58773 0.58075
9.58986 0.57977
9.59384 0.57809
9.59786 0.57642
9.60189 0.57475
9.60595 0.57310
9.61003 0.57145
9.61414 0.56982
9.61826 0.56819
9.62242 0.56657
9.62659 0.56497
9.63079 0.56337
9.63502 0.56178
9.63926 0.56021
9.64244 0.55904
9.64682 0.55757
9.65123 0.55610
9.65566 0.55465
9.66011 0.55320
9.66459 0.55177
9.66908 0.55035
9.67361 0.54894
9.67815 0.54754
9.68272 0.54616
9.68731 0.54478
9.69192 0.54342
9.69656 0.54206
9.70122 0.54072
9.70538 0.53954
9.71015 0.53830
9.71495 0.53707
9.71976 0.53585
9.72460 0.53465
9.72947 0.53345
9.73435 0.53227
9.73925 0.53110
9.74418 0.52995
9.74913 0.52881
9.75409 0.52768
9.75908 0.52656
9.76409 0.52546
9.76913 0.52437
9.77418 0.52329
9.77907 0.52227
9.78421 0.52128
9.78937 0.52031
9.79455 0.51935
9.79975 0.51841
9.80496 0.51748
9.81020 0.51656
9.81545 0.51566
9.82072 0.51478
9.82601 0.51390
9.83132 0.51305
9.83665 0.51220
9.84199 0.51137
9.84735 0.51056
9.85273 0.50976
9.85812 0.50897
9.86329 0.50824
9.86875 0.50753
9.87421 0.50684
9.87969 0.50617
9.88519 0.50551
9.89070 0.50487
9.89623 0.50424
9.90176 0.50363
9.90731 0.50303
9.91288 0.50245
9.91846 0.50188
9.92404 0.50133
9.92965 0.50080
9.93526 0.50028
9.94088 0.49978
9.94652 0.49929
9.95217 0.49882
9.95696 0.49843
9.96263 0.49803
9.96832 0.49764
9.97401 0.49727
9.97972 0.49691
9.98543 0.49657
9.99115 0.49625
9.99687 0.49594
10.00261 0.49565
10.00834 0.49537
10.01409 0.49511
10.01984 0.49487
10.02560 0.49464
10.03136 0.49443
10.03713 0.49424
10.04290 0.49406
10.04867 0.49390
10.05445 0.49376
10.05804 0.49368
10.06383 0.49358
10.06961 0.49350
10.07540 0.49343
10.08119 0.49338
10.08698 0.49335
10.09277 0.49334
10.09857 0.49334
10.10436 0.49336
10.11015 0.49339
10.11594 0.49345
10.12173 0.49351
10.12751 0.49360
10.13330 0.49370
10.13908 0.49382
10.14486 0.49395
10.15063 0.49410
10.15640 0.49427
10.16217 0.49445
10.16369 0.49450
10.16946 0.49471
10.17521 0.49493
10.18096 0.49517
10.18671 0.49543
10.19245 0.49570
10.19818 0.49599
10.20391 0.49629
10.20963 0.49661
10.21534 0.49695
10.22104 0.49730
10.22674 0.49767
10.23242 0.49806
10.23810 0.49846
10.24377 0.49887
10.24943 0.49931
10.25507 0.49976
10.26071 0.50022
10.26634 0.50070
10.27065 0.50108
10.27626 0.50158
10.28187 0.50208
10.28746 0.50261
10.29304 0.50315
10.29860 0.50370
10.30416 0.50427
10.30970 0.50486
10.31523 0.50546
10.32075 0.50608
10.32625 0.50671
10.33174 0.50736
10.33721 0.50802
10.34267 0.50870
10.34811 0.50939
10.35354 0.51010
10.35896 0.51082
10.36436 0.51156
10.36974 0.51232
10.37511 0.51308
10.37576 0.51318
10.38113 0.51393
10.38648 0.51469
10.39182 0.51547
10.39714 0.51626
10.40245 0.51706
10.40773 0.51789
10.41300 0.51872
10.41826 0.51957
10.42350 0.52044
10.42872 0.52132
10.43392 0.52221
10.43910 0.52312
10.44427 0.52404
10.44941 0.52497
10.45454 0.52592
10.45965 0.52688
10.46475 0.52786
10.46982 0.52885
10.47487 0.52985
10.47651 0.53018
10.48157 0.53115
10.48662 0.53212
10.49165 0.53312
10.49666 0.53412
10.50166 0.53514
10.50663 0.53618
10.51158 0.53722
10.51652 0.53828
10.52143 0.53935
10.52633 0.54044
10.53120 0.54154
10.53606 0.54265
10.54090 0.54377
10.54571 0.54491
10.55051 0.54606
10.55528 0.54722
10.56004 0.54839
10.56477 0.54958
10.56949 0.55078
10.57127 0.55123
10.57602 0.55237
10.58074 0.55353
10.58545 0.55469
10.59014 0.55587
10.59481 0.55705
10.59946 0.55826
10.60409 0.55947
10.60870 0.56069
10.61329 0.56193
10.61786 0.56318
10.62240 0.56444
10.62693 0.56571
10.63144 0.56699
10.63593 0.56829
10.64039 0.56959
10.64484 0.57091
10.64926 0.57224
10.65367 0.57358
10.65805 0.57493
10.65933 0.57533
10.66377 0.57660
10.66820 0.57788
10.67260 0.57917
10.67699 0.58047
10.68136 0.58178
10.68570 0.58311
10.69003 0.58444
10.69434 0.58579
10.69862 0.58715
10.70289 0.58852
10.70714 0.58989
10.71136 0.59128
10.71557 0.59268
10.71976 0.59409
10.72393 0.59552
10.72807 0.59695
10.73220 0.59839
10.73631 0.59984
10.74040 0.60130
10.74072 0.60141
10.74489 0.60277
10.74905 0.60413
10.75320 0.60551
10.75732 0.60689
10.76142 0.60829
10.76550 0.60970
10.76957 0.61111
10.77362 0.61254
10.77764 0.61397
10.78165 0.61542
10.78564 0.61688
10.78961 0.61834
10.79357 0.61982
10.79750 0.62130
10.80141 0.62280
10.80531 0.62430
10.80919 0.62581
10.81305 0.62734
10.81595 0.62849
10.81991 0.62989
10.82385 0.63130
10.82778 0.63271
10.83168 0.63414
10.83557 0.63558
10.83945 0.63702
10.84330 0.63848
10.84714 0.63994
10.85096 0.64142
10.85476 0.64290
10.85855 0.64439
10.86231 0.64590
10.86606 0.64741
10.86980 0.64893
10.87351 0.65046
10.87721 0.65200
10.88089 0.65354
10.88455 0.65510
10.88582 0.65564
10.88961 0.65704
10.89339 0.65845
10.89715 0.65987
10.90090 0.66130
10.90463 0.66274
10.90834 0.66419
10.91204 0.66564
10.91572 0.66711
10.91938 0.66858
10.92303 0.67006
10.92667 0.67156
10.93028 0.67306
10.93388 0.67457
10.93747 0.67608
10.94103 0.67761
10.94459 0.67915
10.94812 0.68069
10.95125 0.68207
10.95492 0.68343
10.95858 0.68481
10.96223 0.68619
10.96586 0.68758
10.96948 0.68898
10.97308 0.69039
10.97667 0.69181
10.98024 0.69324
10.98380 0.69468
10.98735 0.69613
10.99088 0.69758
10.99439 0.69904
10.99789 0.70051
11.00137 0.70199
11.00484 0.70348
11.00830 0.70498
11.01174 0.70649
11.01313 0.70710
11.01673 0.70839
11.02031 0.70969
11.02389 0.71100
11.02745 0.71232
11.03100 0.71365
11.03453 0.71499
11.03805 0.71633
11.04156 0.71769
11.04505 0.71905
11.04854 0.72043
11.05200 0.72181
11.05546 0.72320
11.05890 0.72460
11.06233 0.72600
11.06574 0.72742
11.06914 0.72884
11.07231 0.73018
11.07587 0.73137
11.07941 0.73256
11.08295 0.73377
11.08647 0.73498
11.08998 0.73620
11.09348 0.73743
11.09697 0.73867
11.10044 0.73992
11.10391 0.74118
11.10736 0.74244
11.11080 0.74372
11.11423 0.74500
11.11764 0.74630
11.12105 0.74760
11.12444 0.74891
11.12782 0.75023
11.12953 0.75090
11.13307 0.75195
11.13660 0.75300
11.14012 0.75407
11.14362 0.75515
11.14712 0.75623
11.15061 0.75732
11.15409 0.75843
11.15755 0.75954
11.16101 0.76066
11.16446 0.76179
11.16789 0.76293
11.17132 0.76408
11.17474 0.76524
11.17814 0.76640
11.18154 0.76758
11.18492 0.76876
11.18544 0.76895
11.18897 0.76983
11.19250 0.77072
11.19601 0.77163
11.19952 0.77254
11.20301 0.77346
11.20650 0.77439
11.20999 0.77533
11.21346 0.77629
11.21692 0.77725
11.22038 0.77821
11.22383 0.77919
11.22727 0.78018
11.23070 0.78118
11.23412 0.78218
11.23753 0.78320
11.24055 0.78411
11.24408 0.78481
11.24761 0.78552
11.25112 0.78625
11.25464 0.78698
11.25814 0.78772
11.26164 0.78847
11.26513 0.78923
11.26861 0.79000
11.27209 0.79078
11.27556 0.79157
11.27903 0.79237
11.28248 0.79318
11.28593 0.79400
11.28937 0.79482
11.29281 0.79566
11.29529 0.79627
11.29882 0.79678
11.30234 0.79730
11.30586 0.79783
11.30938 0.79838
11.31289 0.79893
11.31639 0.79949
11.31989 0.80006
11.32339 0.80064
11.32688 0.80123
11.33036 0.80183
11.33384 0.80243
11.33732 0.80305
11.34079 0.80368
11.34425 0.80432
11.34771 0.80497
11.34995 0.80539
11.35348 0.80571
11.35700 0.80604
11.36052 0.80637
11.36403 0.80672
11.36755 0.80708
11.37106 0.80744
11.37457 0.80782
11.37807 0.80820
11.38157 0.80860
11.38507 0.80901
11.38856 0.80942
11.39205 0.80985
11.39553 0.81028
11.39902 0.81073
11.40249 0.81119
11.40476 0.81149
11.40828 0.81161
11.41180 0.81175
11.41531 0.81189
11.41883 0.81205
11.42234 0.81222
11.42585 0.81239
11.42936 0.81258
11.43287 0.81277
11.43637 0.81298
11.43988 0.81319
11.44338 0.81342
11.44688 0.81365
11.45038 0.81390
11.45387 0.81415
11.45737 0.81442
11.45986 0.81462
11.46336 0.81456
11.46687 0.81451
11.47038 0.81447
11.47388 0.81444
11.47739 0.81442
11.48090 0.81441
11.48441 0.81441
11.48792 0.81442
11.49143 0.81445
11.49493 0.81448
11.49844 0.81452
11.50195 0.81457
11.50545 0.81463
11.50896 0.81470
11.51247 0.81478
11.51527 0.81486
11.51877 0.81462
11.52226 0.81440
11.52576 0.81418
11.52926 0.81398
11.53276 0.81378
11.53627 0.81360
11.53977 0.81343
11.54328 0.81326
11.54679 0.81311
11.55030 0.81296
11.55381 0.81283
11.55732 0.81270
11.56083 0.81259
11.56435 0.81248
11.56786 0.81239
11.57099 0.81232
11.57447 0.81191
11.57796 0.81152
11.58145 0.81114
11.58494 0.81077
11.58844 0.81040
11.59194 0.81005
11.59544 0.80971
11.59894 0.80938
11.60245 0.80905
11.60596 0.80874
11.60948 0.80844
11.61299 0.80815
11.61651 0.80786
11.62003 0.80759
11.62356 0.80733
11.62693 0.80709
11.63040 0.80652
11.63388 0.80597
11.63736 0.80543
11.64084 0.80489
11.64433 0.80437
11.64783 0.80385
11.65133 0.80335
11.65483 0.80285
11.65834 0.80237
11.66185 0.80190
11.66537 0.80143
11.66889 0.80098
11.67241 0.80053
11.67594 0.80009
11.67948 0.79967
11.68296 0.79926
11.68642 0.79854
11.68989 0.79783
11.69336 0.79713
11.69684 0.79644
11.70032 0.79575
11.70382 0.79508
11.70731 0.79442
11.71082 0.79376
11.71432 0.79312
11.71784 0.79249
11.72136 0.79186
11.72488 0.79125
11.72841 0.79065
11.73195 0.79005
11.73549 0.78947
11.73892 0.78891
11.74237 0.78803
11.74583 0.78717
11.74929 0.78631
11.75276 0.78546
11.75624 0.78462
11.75973 0.78379
11.76322 0.78297
11.76672 0.78216
11.77023 0.78136
11.77375 0.78057
11.77727 0.77979
11.78080 0.77902
11.78434 0.77826
11.78788 0.77750
11.79143 0.77676
11.79463 0.77610
11.79806 0.77507
11.80151 0.77404
11.80496 0.77303
11.80842 0.77202
11.81189 0.77103
11.81537 0.77004
11.81886 0.76906
11.82236 0.76809
11.82586 0.76713
11.82938 0.76618
11.83290 0.76524
11.83643 0.76431
11.83997 0.76339
11.84352 0.76248
11.84708 0.76158
11.84988 0.76088
11.85330 0.75968
11.85672 0.75850
11.86016 0.75733
11.86361 0.75616
11.86706 0.75501
11.87053 0.75386
11.87401 0.75272
11.87750 0.75159
11.88100 0.75047
11.88451 0.74936
11.88803 0.74826
11.89156 0.74717
11.89511 0.74609
11.89866 0.74501
11.90222 0.74395
11.90448 0.74328
11.90787 0.74193
11.91128 0.74058
11.91469 0.73925
11.91812 0.73792
11.92155 0.73661
11.92501 0.73530
11.92847 0.73400
11.93194 0.73271
11.93543 0.73142
11.93893 0.73015
11.94244 0.72889
11.94597 0.72763
11.94951 0.72639
11.95305 0.72515
11.95661 0.72392
11.95825 0.72336
11.96160 0.72185
11.96497 0.72034
11.96835 0.71885
11.97175 0.71736
11.97516 0.71588
11.97859 0.71441
11.98203 0.71295
11.98548 0.71149
11.98895 0.71005
11.99243 0.70861
11.99592 0.70718
11.99943 0.70576
12.00296 0.70435
12.00649 0.70295
12.01005 0.70155
12.01100 0.70118
12.01431 0.69951
12.01764 0.69785
12.02098 0.69619
12.02433 0.69455
12.02771 0.69291
12.03110 0.69128
12.03450 0.68965
12.03792 0.68804
12.04136 0.68643
12.04481 0.68483
12.04828 0.68324
12.05177 0.68166
12.05527 0.68008
12.05879 0.67852
12.06232 0.67696
12.06259 0.67684
12.06584 0.67502
12.06911 0.67320
12.07240 0.67139
12.07571 0.66959
12.07903 0.66780
12.08238 0.66601
12.08574 0.66423
12.08912 0.66246
12.09251 0.66069
12.09593 0.65894
12.09936 0.65719
12.10281 0.65545
12.10628 0.65371
12.10977 0.65199
12.11287 0.65047
12.11606 0.64850
12.11927 0.64654
12.12249 0.64459
12.12574 0.64264
12.12901 0.64070
12.13230 0.63877
12.13561 0.63684
12.13893 0.63492
12.14228 0.63301
12.14565 0.63110
12.14904 0.62920
12.15245 0.62731
12.15588 0.62543
12.15933 0.62355
12.16172 0.62226
12.16483 0.62016
12.16797 0.61807
12.17113 0.61598
12.17432 0.61390
12.17752 0.61182
12.18075 0.60975
12.18399 0.60769
12.18726 0.60563
12.19056 0.60358
12.19387 0.60154
12.19721 0.59950
12.20057 0.59747
12.20395 0.59545
12.20735 0.59344
12.20901 0.59246
12.21205 0.59024
12.21512 0.58803
12.21821 0.58582
12.22132 0.58362
12.22446 0.58142
12.22762 0.57923
12.23080 0.57705
12.23401 0.57487
12.23724 0.57269
12.24050 0.57053
12.24378 0.56837
12.24709 0.56621
12.25042 0.56406
12.25378 0.56192
12.25463 0.56138
12.25759 0.55906
12.26059 0.55674
12.26360 0.55443
12.26665 0.55212
12.26971 0.54982
12.27281 0.54752
12.27593 0.54522
12.27907 0.54294
12.28225 0.54065
12.28545 0.53838
12.28867 0.53611
12.29193 0.53384
12.29521 0.53158
12.29841 0.52940
12.30130 0.52699
12.30423 0.52458
12.30717 0.52217
12.31015 0.51977
12.31315 0.51738
12.31618 0.51499
12.31924 0.51260
12.32233 0.51022
12.32544 0.50784
12.32859 0.50547
12.33176 0.50311
12.33497 0.50074
12.33820 0.49839
12.34018 0.49696
12.34301 0.49447
12.34586 0.49198
12.34874 0.48950
12.35165 0.48702
12.35459 0.48455
12.35756 0.48207
12.36056 0.47961
12.36359 0.47715
12.36665 0.47469
12.36974 0.47224
12.37287 0.46979
12.37603 0.46734
12.37922 0.46491
12.37969 0.46455
12.38245 0.46199
12.38523 0.45944
12.38805 0.45689
12.39090 0.45434
12.39377 0.45180
12.39669 0.44926
12.39963 0.44673
12.40261 0.44420
12.40562 0.44167
12.40867 0.43915
12.41175 0.43663
12.41487 0.43412
12.41663 0.43271
12.41932 0.43009
12.42203 0.42749
12.42478 0.42488
12.42756 0.42228
12.43038 0.41968
12.43323 0.41708
12.43611 0.41449
12.43904 0.41190
12.44200 0.40931
12.44499 0.40673
12.44803 0.40415
12.45058 0.40201
12.45318 0.39935
12.45582 0.39669
12.45848 0.39404
12.46119 0.39139
12.46393 0.38874
12.46671 0.38609
12.46953 0.38345
12.47239 0.38081
12.47529 0.37817
12.47822 0.37554
12.48104 0.37305
12.48353 0.37035
12.48606 0.36765
12.48863 0.36495
12.49124 0.36226
12.49388 0.35956
12.49657 0.35687
12.49930 0.35419
12.50207 0.35150
12.50488 0.34882
12.50742 0.34643
12.50977 0.34369
12.51216 0.34095
12.51459 0.33822
12.51706 0.33548
12.51957 0.33275
12.52212 0.33002
12.52471 0.32729
12.52734 0.32457
12.52915 0.32273
12.53130 0.31996
12.53349 0.31719
12.53571 0.31442
12.53798 0.31165
12.54029 0.30889
12.54263 0.30612
12.54503 0.30336
12.54575 0.30253
12.54762 0.29973
12.54953 0.29693
12.55147 0.29413
12.55345 0.29133
12.55546 0.28853
12.55707 0.28634
12.55857 0.28352
12.56009 0.28069
12.56165 0.27787
12.56324 0.27505
12.56347 0.27464