0.00000 0.00000
-1.57247 0.00286
-1.57247 0.00571
-1.57247 0.00857
-1.57247 0.01143
-1.57247 0.01429
-1.57247 0.01714
-1.57247 0.02000
-1.57247 0.02286
-1.57247 0.02571
-1.57247 0.02857
-1.57247 0.03143
-1.57247 0.03429
-1.57247 0.03714
-1.57247 0.04000
-1.57247 0.04286
-1.57247 0.04571
-1.57247 0.04857
-1.57247 0.05143
-1.57247 0.05429
-1.57247 0.05714
-1.57247 0.06000
-1.57247 0.06286
-1.57247 0.06571
-1.57247 0.06857
-1.57247 0.07143
-1.57247 0.07429
-1.57247 0.07714
-1.57247 0.08000
-1.57247 0.08286
-1.57247 0.08571
-1.57247 0.08857
-1.57247 0.09143
-1.57247 0.09429
-1.57247 0.09714
-1.57247 0.10000
-1.57247 0.10286
-1.57247 0.10571
-1.57247 0.10857
-1.57247 0.11143
-1.57247 0.11429
-1.57247 0.11714
-1.57247 0.12000
-1.57247 0.12286
-1.57247 0.12571
-1.57247 0.12857
-1.57247 0.13143
-1.57247 0.13429
-1.57247 0.13714
-1.57247 0.14000
-1.57247 0.14286
-1.57247 0.14571
-1.57247 0.14857
-1.57247 0.15143
-1.57247 0.15429
-1.57247 0.15714
-1.57247 0.16000
-1.57247 0.16286
-1.57247 0.16571
-1.57247 0.16857
-1.57247 0.17143
-1.57247 0.17429
-1.57247 0.17714
-1.57247 0.18000
-1.57247 0.18286
-1.57247 0.18571
-1.57247 0.18857
-1.57247 0.19143
-1.57247 0.19429
-1.57247 0.19714
-1.57247 0.20000
-1.57247 0.20286
-1.57247 0.20571
-1.57247 0.20857
-1.57247 0.21143
-1.57247 0.21429
-1.57247 0.21714
-1.57247 0.22000
-1.57247 0.22286
-1.57247 0.22571
-1.57247 0.22857
-1.57247 0.23143
-1.57247 0.23429
-1.57247 0.23714
-1.57247 0.24000
-1.57247 0.24286
-1.57247 0.24571
-1.57247 0.24857
-1.57247 0.25143
-1.57247 0.25429
-1.57247 0.25714
-1.57247 0.26000
-1.57247 0.26286
-1.57247 0.26571
-1.57247 0.26857
-1.57247 0.27143
-1.57247 0.27429
-1.57247 0.27714
-1.57247 0.28000
-1.57247 0.28286
-1.57247 0.28571
-1.57247 0.28857
-1.57247 0.29143
-1.57247 0.29429
-1.57247 0.29714
-1.57247 0.30000
-1.57247 0.30286
-1.57247 0.30571
-1.57247 0.30857
-1.57247 0.31143
-1.57247 0.31429
-1.57247 0.31714
-1.57247 0.32000
-1.57247 0.32286
-1.57247 0.32571
-1.57247 0.32857
-1.57247 0.33143
-1.57247 0.33429
-1.57247 0.33714
-1.57247 0.34000
-1.57247 0.34286
-1.57247 0.34571
-1.57247 0.34857
-1.57247 0.35143
-1.57247 0.35429
-1.57247 0.35714
-1.57247 0.36000
-1.57247 0.36286
-1.57247 0.36571
-1.57247 0.36857
-1.57247 0.37143
-1.57247 0.37429
-1.57247 0.37714
-1.57247 0.38000
-1.57247 0.38286
-1.57247 0.38571
-1.57247 0.38857
-1.57247 0.39143
-1.57247 0.39429
-1.57247 0.39714
-1.57247 0.40000
-1.57247 0.40286
-1.57247 0.40571
-1.57247 0.40857
-1.57247 0.41143
-1.57247 0.41429
-1.57247 0.41714
-1.57247 0.42000
-1.57247 0.42286
-1.57247 0.42571
-1.57247 0.42857
-1.57247 0.43143
-1.57247 0.43429
-1.57247 0.43714
-1.57247 0.44000
-1.57247 0.44286
-1.57247 0.44571
-1.57247 0.44857
-1.57247 0.45143
-1.57247 0.45429
-1.57247 0.45714
-1.57247 0.46000
-1.57247 0.46286
-1.57247 0.46571
-1.57247 0.46857
-1.57247 0.47143
-1.57247 0.47429
-1.57247 0.47714
-1.57247 0.48000
-1.57247 0.48286
-1.57247 0.48571
-1.57247 0.48857
-1.57247 0.49143
-1.57247 0.49429
-1.57247 0.49714
-1.57247 0.50000
-1.57247 0.50286
-1.57247 0.50571
-1.57247 0.50857
-1.57247 0.51143
-1.57247 0.51429
-1.57247 0.51714
-1.57247 0.52000
-1.57247 0.52286
-1.57247 0.52571
-1.57247 0.52857
-1.57247 0.53143
-1.57247 0.53429
-1.57247 0.53714
-1.57247 0.54000
-1.57247 0.54286
-1.57247 0.54571
-1.57247 0.54857
-1.57247 0.55143
-1.57247 0.55429
-1.57247 0.55714
-1.57247 0.56000
-1.57247 0.56286
-1.57247 0.56571
-1.57247 0.56857
-1.57247 0.57143
-1.57247 0.57429
-1.57247 0.57714
-1.57247 0.58000
-1.57247 0.58286
-1.57247 0.58571
-1.57247 0.58857
-1.57247 0.59143
-1.57247 0.59429
-1.57247 0.59714
-1.57247 0.60000
-1.57247 0.60286
-1.57247 0.60571
-1.57247 0.60857
-1.57247 0.61143
-1.57247 0.61429
-1.57247 0.61714
-1.57247 0.62000
-1.57247 0.62286
-1.57247 0.62571
-1.57247 0.62857
-1.57247 0.63143
-1.57247 0.63429
-1.57247 0.63714
-1.57247 0.64000
-1.57247 0.64286
-1.57247 0.64571
-1.57247 0.64857
-1.57247 0.65143
-1.57247 0.65429
-1.57247 0.65714
-1.57247 0.66000
-1.57247 0.66286
-1.57247 0.66571
-1.57247 0.66857
-1.57247 0.67143
-1.57247 0.67429
-1.57247 0.67714
-1.57247 0.68000
-1.57247 0.68286
-1.57247 0.68571
-1.57247 0.68857
-1.57247 0.69143
-1.57247 0.69429
-1.57247 0.69714
-1.57247 0.70000
-1.57247 0.70286
-1.57247 0.70571
-1.57247 0.70857
-1.57247 0.71143
-1.57247 0.71429
-1.57247 0.71714
-1.57247 0.72000
-1.57247 0.72286
-1.57247 0.72571
-1.57247 0.72857
-1.57247 0.73143
-1.57247 0.73429
-1.57247 0.73714
-1.57247 0.74000
-1.57247 0.74286
-1.57247 0.74571
-1.57247 0.74857
-1.57247 0.75143
-1.57247 0.75429
-1.57247 0.75714
-1.57247 0.76000
-1.57247 0.76286
-1.57247 0.76571
-1.57247 0.76857
-1.57247 0.77143
-1.57247 0.77429
-1.57247 0.77714
-1.57247 0.78000
-1.57247 0.78286
-1.57247 0.78571
-1.57247 0.78857
-1.57247 0.79143
-1.57247 0.79429
-1.57247 0.79714
-1.57247 0.80000
-1.57247 0.80286
-1.57247 0.80571
-1.57247 0.80857
-1.57247 0.80959
-1.57248 0.80673
-1.57248 0.80388
-1.57249 0.80102
-1.57249 0.80048
-1.57250 0.79763
-1.57250 0.79477
-1.57251 0.79191
-1.57251 0.79138
-1.57252 0.78852
-1.57252 0.78566
-1.57253 0.78281
-1.57253 0.78227
-1.57254 0.77941
-1.57254 0.77680
-1.57170 0.77402
-1.57144 0.77316
-1.56976 0.77062
-1.56807 0.76807
-1.56782 0.76770
-1.56517 0.76569
-1.56251 0.76368
-1.56063 0.76227
-1.55794 0.76027
-1.55578 0.75867
-1.55261 0.75713
-1.54942 0.75559
-1.54847 0.75514
-1.54492 0.75414
-1.54137 0.75315
-1.53780 0.75217
-1.53625 0.75175
-1.53267 0.75079
-1.52908 0.74983
-1.52548 0.74889
-1.52392 0.74848
-1.52015 0.74806
-1.51637 0.74765
-1.51258 0.74724
-1.51163 0.74715
-1.50782 0.74732
-1.50400 0.74751
-1.50019 0.74770
-1.49947 0.74774
-1.49566 0.74795
-1.49186 0.74817
-1.48805 0.74840
-1.48734 0.74844
-1.48353 0.74869
-1.47973 0.74894
-1.47593 0.74921
-1.47522 0.74926
-1.47143 0.74954
-1.46764 0.74982
-1.46385 0.75012
-1.46314 0.75018
-1.45935 0.75049
-1.45557 0.75082
-1.45179 0.75115
-1.45109 0.75121
-1.44731 0.75156
-1.44354 0.75192
-1.43977 0.75229
-1.43907 0.75236
-1.43530 0.75274
-1.43154 0.75313
-1.42779 0.75353
-1.42709 0.75361
-1.42334 0.75402
-1.41959 0.75445
-1.41585 0.75488
-1.41515 0.75497
-1.41141 0.75541
-1.40768 0.75587
-1.40395 0.75634
-1.40325 0.75643
-1.39953 0.75691
-1.39581 0.75740
-1.39210 0.75791
-1.39141 0.75800
-1.38770 0.75852
-1.38400 0.75904
-1.38030 0.75958
-1.37961 0.75968
-1.37592 0.76023
-1.37224 0.76079
-1.36856 0.76136
-1.36787 0.76146
-1.36420 0.76204
-1.36053 0.76264
-1.35687 0.76324
-1.35618 0.76335
-1.35253 0.76396
-1.35043 0.76432
-1.35408 0.76370
-1.35618 0.76335
-1.35984 0.76275
-1.36351 0.76215
-1.36718 0.76157
-1.36787 0.76146
-1.37155 0.76089
-1.37523 0.76033
-1.37892 0.75978
-1.37961 0.75968
-1.38331 0.75914
-1.38701 0.75862
-1.39071 0.75810
-1.39141 0.75800
-1.39512 0.75750
-1.39883 0.75700
-1.40255 0.75652
-1.40325 0.75643
-1.40698 0.75596
-1.41071 0.75550
-1.41445 0.75505
-1.41515 0.75497
-1.41889 0.75453
-1.42263 0.75410
-1.42638 0.75368
-1.42709 0.75361
-1.43084 0.75320
-1.43460 0.75281
-1.43836 0.75243
-1.43907 0.75236
-1.44283 0.75199
-1.44660 0.75163
-1.45038 0.75128
-1.45109 0.75121
-1.45486 0.75088
-1.45864 0.75055
-1.46243 0.75024
-1.46314 0.75018
-1.46693 0.74988
-1.47072 0.74959
-1.47451 0.74931
-1.47522 0.74926
-1.47902 0.74899
-1.48282 0.74873
-1.48662 0.74849
-1.48734 0.74844
-1.49114 0.74821
-1.49495 0.74799
-1.49876 0.74778
-1.49947 0.74774
-1.50329 0.74754
-1.50710 0.74735
-1.51092 0.74718
-1.51163 0.74715
-1.51542 0.74754
-1.51920 0.74795
-1.52298 0.74838
-1.52392 0.74848
-1.52752 0.74942
-1.53112 0.75037
-1.53470 0.75133
-1.53625 0.75175
-1.53982 0.75273
-1.54338 0.75371
-1.54694 0.75470
-1.54847 0.75514
-1.55166 0.75667
-1.55483 0.75821
-1.55578 0.75867
-1.55847 0.76067
-1.56063 0.76227
-1.56330 0.76427
-1.56596 0.76628
-1.56782 0.76770
-1.56951 0.77024
-1.57120 0.77279
-1.57144 0.77316
-1.57228 0.77594
-1.57254 0.77680
-1.57254 0.77966
-1.57253 0.78227
-1.57252 0.78513
-1.57252 0.78773
-1.57169 0.79051
-1.57143 0.79138
-1.56979 0.79392
-1.56816 0.79647
-1.56793 0.79684
-1.56541 0.79887
-1.56290 0.80090
-1.56114 0.80234
-1.55865 0.80438
-1.55666 0.80603
-1.55375 0.80765
-1.55084 0.80928
-1.54998 0.80977
-1.54673 0.81089
-1.54350 0.81201
-1.54027 0.81315
-1.53888 0.81365
-1.53567 0.81480
-1.53246 0.81595
-1.52927 0.81712
-1.52789 0.81763
-1.52450 0.81831
-1.52111 0.81901
-1.51773 0.81971
-1.51689 0.81989
-1.52026 0.81918
-1.52365 0.81849
-1.52704 0.81780
-1.52789 0.81763
-1.53108 0.81646
-1.53428 0.81530
-1.53749 0.81414
-1.53888 0.81365
-1.54210 0.81251
-1.54533 0.81137
-1.54857 0.81025
-1.54998 0.80977
-1.55288 0.80813
-1.55579 0.80651
-1.55666 0.80603
-1.55914 0.80398
-1.56114 0.80234
-1.56364 0.80030
-1.56615 0.79827
-1.56793 0.79684
-1.56955 0.79429
-1.57119 0.79175
-1.57143 0.79138
-1.57226 0.78860
-1.57252 0.78773
-1.57253 0.78488
-1.57253 0.78227
-1.57254 0.77941
-1.57254 0.77656
-1.57255 0.77370
-1.57255 0.77316
-1.57256 0.77031
-1.57256 0.76745
-1.57257 0.76459
-1.57257 0.76406
-1.57258 0.76120
-1.57259 0.75834
-1.57259 0.75548
-1.57259 0.75495
-1.57260 0.75209
-1.57261 0.74923
-1.57261 0.74638
-1.57262 0.74584
-1.57262 0.74298
-1.57263 0.74013
-1.57264 0.73727
-1.57264 0.73673
-1.57265 0.73388
-1.57265 0.73102
-1.57266 0.72816
-1.57267 0.72530
-1.57267 0.72245
-1.57268 0.71959
-1.57269 0.71673
-1.57270 0.71388
-1.57271 0.71102
-1.57271 0.70816
-1.57272 0.70530
-1.57273 0.70245
-1.57273 0.70031
-1.57274 0.69745
-1.57275 0.69459
-1.57276 0.69173
-1.57276 0.69120
-1.56877 0.69044
-1.56477 0.68970
-1.56077 0.68897
-1.55675 0.68824
-1.55273 0.68753
-1.54870 0.68684
-1.54828 0.68676
-1.54423 0.68609
-1.54018 0.68543
-1.53611 0.68479
-1.53205 0.68415
-1.52797 0.68352
-1.52388 0.68291
-1.52350 0.68285
-1.51941 0.68224
-1.51532 0.68163
-1.51122 0.68103
-1.50711 0.68045
-1.50299 0.67988
-1.49887 0.67932
-1.49844 0.67926
-1.49430 0.67873
-1.49016 0.67822
-1.48601 0.67771
-1.48186 0.67722
-1.47770 0.67674
-1.47353 0.67628
-1.47299 0.67621
-1.46882 0.67574
-1.46464 0.67527
-1.46047 0.67482
-1.45628 0.67438
-1.45209 0.67395
-1.44790 0.67353
-1.44746 0.67349
-1.44325 0.67310
-1.43904 0.67273
-1.43483 0.67236
-1.43061 0.67201
-1.42639 0.67167
-1.42216 0.67135
-1.42176 0.67132
-1.41753 0.67098
-1.41330 0.67067
-1.40907 0.67036
-1.40483 0.67006
-1.40058 0.66978
-1.39633 0.66951
-1.39589 0.66948
-1.39164 0.66925
-1.38738 0.66902
-1.38312 0.66881
-1.37886 0.66861
-1.37459 0.66842
-1.37033 0.66825
-1.36977 0.66823
-1.36550 0.66804
-1.36123 0.66787
-1.35696 0.66771
-1.35269 0.66757
-1.34841 0.66743
-1.34413 0.66731
-1.34369 0.66730
-1.33941 0.66720
-1.33513 0.66712
-1.33084 0.66706
-1.32656 0.66700
-1.32228 0.66696
-1.31799 0.66693
-1.31759 0.66693
-1.32133 0.66552
-1.32508 0.66413
-1.32885 0.66275
-1.33263 0.66138
-1.33643 0.66001
-1.34025 0.65866
-1.34061 0.65853
-1.34443 0.65717
-1.34827 0.65582
-1.35212 0.65448
-1.35599 0.65315
-1.35987 0.65183
-1.36377 0.65052
-1.36418 0.65039
-1.36811 0.64911
-1.37206 0.64784
-1.37602 0.64658
-1.37999 0.64533
-1.38399 0.64409
-1.38800 0.64286
-1.38852 0.64270
-1.39253 0.64146
-1.39656 0.64024
-1.40060 0.63902
-1.40466 0.63782
-1.40873 0.63662
-1.41282 0.63544
-1.41325 0.63531
-1.41735 0.63414
-1.42147 0.63298
-1.42561 0.63183
-1.42976 0.63069
-1.43392 0.62956
-1.43810 0.62844
-1.43854 0.62833
-1.44275 0.62724
-1.44697 0.62616
-1.45121 0.62509
-1.45546 0.62403
-1.45972 0.62299
-1.46400 0.62195
-1.46440 0.62185
-1.46489 0.62470
-1.46537 0.62754
-1.46585 0.63038
-1.46594 0.63091
-1.46641 0.63375
-1.46688 0.63659
-1.46734 0.63944
-1.46743 0.63997
-1.46789 0.64281
-1.46834 0.64565
-1.46879 0.64850
-1.46887 0.64903
-1.46932 0.65187
-1.46976 0.65471
-1.47020 0.65756
-1.47028 0.65809
-1.47072 0.66093
-1.47115 0.66378
-1.47157 0.66662
-1.47165 0.66715
-1.47207 0.66999
-1.47249 0.67284
-1.47291 0.67568
-1.47299 0.67621
-1.47257 0.67337
-1.47215 0.67053
-1.47173 0.66769
-1.47165 0.66715
-1.47123 0.66431
-1.47080 0.66146
-1.47036 0.65862
-1.47028 0.65809
-1.46985 0.65525
-1.46940 0.65240
-1.46896 0.64956
-1.46887 0.64903
-1.46842 0.64619
-1.46797 0.64334
-1.46751 0.64050
-1.46743 0.63997
-1.46696 0.63713
-1.46650 0.63429
-1.46603 0.63145
-1.46594 0.63091
-1.46546 0.62807
-1.46498 0.62523
-1.46450 0.62239
-1.46440 0.62185
-1.46870 0.62084
-1.47301 0.61983
-1.47734 0.61884
-1.48168 0.61785
-1.48603 0.61688
-1.49039 0.61592
-1.49097 0.61580
-1.49534 0.61483
-1.49972 0.61388
-1.50412 0.61294
-1.50853 0.61201
-1.51295 0.61109
-1.51739 0.61018
-1.51785 0.61009
-1.52231 0.60921
-1.52678 0.60834
-1.53127 0.60749
-1.53577 0.60665
-1.54028 0.60582
-1.54480 0.60501
-1.54523 0.60493
-1.54976 0.60411
-1.55430 0.60330
-1.55885 0.60251
-1.56342 0.60173
-1.56799 0.60096
-1.57258 0.60021
-1.57306 0.60013
-1.57307 0.59727
-1.57308 0.59441
-1.57309 0.59156
-1.57310 0.58870
-1.57311 0.58584
-1.57312 0.58298
-1.57314 0.58013
-1.57315 0.57727
-1.57316 0.57441
-1.57317 0.57156
-1.57318 0.56870
-1.57319 0.56584
-1.57320 0.56370
-1.57322 0.56084
-1.57323 0.55798
-1.57324 0.55513
-1.57324 0.55459
-1.57326 0.55173
-1.57327 0.54888
-1.57328 0.54602
-1.57328 0.54548
-1.57330 0.54263
-1.57331 0.53977
-1.57332 0.53691
-1.57333 0.53638
-1.57334 0.53352
-1.57335 0.53066
-1.57337 0.52781
-1.57337 0.52727
-1.57338 0.52441
-1.57340 0.52156
-1.57341 0.51870
-1.57342 0.51816
-1.56790 0.51816
-1.56473 0.51817
-1.56437 0.51532
-1.56401 0.51247
-1.56381 0.51089
-1.56173 0.50823
-1.55963 0.50558
-1.55751 0.50293
-1.55730 0.50267
-1.55351 0.50054
-1.54968 0.49841
-1.54612 0.49645
-1.54110 0.49505
-1.53605 0.49366
-1.53097 0.49228
-1.52731 0.49130
-1.52167 0.49060
-1.51602 0.48990
-1.51035 0.48923
-1.50846 0.48900
-1.50267 0.48939
-1.49689 0.48979
-1.49112 0.49021
-1.48537 0.49064
-1.48070 0.49101
-1.47539 0.49217
-1.47011 0.49335
-1.46485 0.49454
-1.45962 0.49574
-1.45441 0.49696
-1.45426 0.49700
-1.45005 0.49894
-1.44588 0.50089
-1.44173 0.50285
-1.43762 0.50481
-1.43354 0.50679
-1.42976 0.50864
-1.42655 0.51098
-1.42338 0.51333
-1.42023 0.51569
-1.41712 0.51805
-1.41403 0.52041
-1.41097 0.52278
-1.40800 0.52510
-1.40498 0.52748
-1.40198 0.52985
-1.39901 0.53224
-1.39607 0.53462
-1.39315 0.53702
-1.39026 0.53941
-1.38739 0.54181
-1.38738 0.54182
-1.38378 0.54390
-1.38021 0.54599
-1.37666 0.54809
-1.37314 0.55020
-1.36965 0.55231
-1.36652 0.55422
-1.36208 0.55567
-1.35766 0.55712
-1.35327 0.55859
-1.34889 0.56007
-1.34455 0.56156
-1.34427 0.56165
-1.33940 0.56247
-1.33455 0.56331
-1.32971 0.56416
-1.32489 0.56502
-1.32117 0.56570
-1.31612 0.56560
-1.31107 0.56552
-1.30602 0.56545
-1.30439 0.56543
-1.29952 0.56466
-1.29464 0.56391
-1.28974 0.56317
-1.28622 0.56265
-1.28196 0.56108
-1.27769 0.55953
-1.27359 0.55806
-1.27038 0.55583
-1.26715 0.55360
-1.26390 0.55138
-1.26368 0.55124
-1.26182 0.54857
-1.25994 0.54591
-1.25889 0.54443
-1.25757 0.54166
-1.25623 0.53890
-1.25549 0.53737
-1.25579 0.53451
-1.25609 0.53166
-1.25640 0.52881
-1.25643 0.52853
-1.25854 0.52590
-1.26066 0.52327
-1.26265 0.52084
-1.26629 0.51869
-1.26997 0.51656
-1.27367 0.51444
-1.27634 0.51292
-1.28038 0.51095
-1.28446 0.50898
-1.28856 0.50703
-1.29093 0.50592
-1.28680 0.50787
-1.28271 0.50982
-1.27865 0.51179
-1.27634 0.51292
-1.27262 0.51504
-1.26892 0.51716
-1.26526 0.51930
-1.26265 0.52084
-1.26050 0.52346
-1.25838 0.52609
-1.25643 0.52853
-1.25612 0.53138
-1.25582 0.53423
-1.25552 0.53709
-1.25549 0.53737
-1.25683 0.54013
-1.25816 0.54290
-1.25889 0.54443
-1.26078 0.54709
-1.26265 0.54976
-1.26368 0.55124
-1.26694 0.55346
-1.27017 0.55568
-1.27338 0.55791
-1.27359 0.55806
-1.27789 0.55960
-1.28217 0.56116
-1.28622 0.56265
-1.29113 0.56338
-1.29602 0.56412
-1.30090 0.56488
-1.30439 0.56543
-1.30944 0.56549
-1.31449 0.56557
-1.31954 0.56566
-1.32117 0.56570
-1.32598 0.56482
-1.33081 0.56396
-1.33565 0.56312
-1.34051 0.56229
-1.34427 0.56165
-1.34862 0.56016
-1.35299 0.55868
-1.35738 0.55722
-1.36180 0.55576
-1.36624 0.55431
-1.36652 0.55422
-1.36999 0.55210
-1.37348 0.54999
-1.37700 0.54789
-1.38055 0.54579
-1.38413 0.54370
-1.38738 0.54182
-1.39025 0.53942
-1.39314 0.53702
-1.39606 0.53463
-1.39900 0.53224
-1.40197 0.52986
-1.40497 0.52748
-1.40799 0.52511
-1.40800 0.52510
-1.41104 0.52273
-1.41410 0.52036
-1.41719 0.51800
-1.42030 0.51564
-1.42345 0.51328
-1.42662 0.51093
-1.42976 0.50864
-1.43381 0.50666
-1.43789 0.50468
-1.44201 0.50271
-1.44615 0.50076
-1.45033 0.49881
-1.45426 0.49700
-1.45947 0.49578
-1.46470 0.49457
-1.46996 0.49338
-1.47524 0.49220
-1.48055 0.49104
-1.48070 0.49101
-1.48645 0.49056
-1.49221 0.49013
-1.49798 0.48971
-1.50376 0.48932
-1.50846 0.48900
-1.51413 0.48968
-1.51979 0.49036
-1.52544 0.49107
-1.52731 0.49130
-1.53241 0.49267
-1.53748 0.49405
-1.54252 0.49545
-1.54612 0.49645
-1.54997 0.49857
-1.55379 0.50070
-1.55730 0.50267
-1.55942 0.50532
-1.56152 0.50797
-1.56360 0.51063
-1.56381 0.51089
-1.56417 0.51374
-1.56453 0.51659
-1.56473 0.51817
-1.56444 0.52102
-1.56416 0.52388
-1.56400 0.52546
-1.56205 0.52812
-1.56012 0.53079
-1.55820 0.53346
-1.55808 0.53363
-1.55468 0.53584
-1.55131 0.53805
-1.54812 0.54016
-1.54366 0.54169
-1.53922 0.54323
-1.53481 0.54478
-1.53166 0.54590
-1.52708 0.54727
-1.52251 0.54865
-1.51797 0.55005
-1.51546 0.55082
-1.51088 0.55216
-1.50633 0.55351
-1.50179 0.55487
-1.49783 0.55607
-1.50235 0.55470
-1.50689 0.55334
-1.51145 0.55200
-1.51546 0.55082
-1.51999 0.54943
-1.52454 0.54804
-1.52911 0.54666
-1.53166 0.54590
-1.53606 0.54434
-1.54047 0.54279
-1.54491 0.54125
-1.54812 0.54016
-1.55146 0.53794
-1.55484 0.53573
-1.55808 0.53363
-1.55999 0.53096
-1.56192 0.52830
-1.56387 0.52563
-1.56400 0.52546
-1.56428 0.52260
-1.56457 0.51975
-1.56473 0.51817
-1.57024 0.51816
-1.57342 0.51816
-1.56790 0.51816
-1.56473 0.51817
-1.56716 0.51560
-1.56960 0.51304
-1.57208 0.51048
-1.57346 0.50906
-1.57348 0.50620
-1.57349 0.50334
-1.57351 0.50048
-1.57351 0.49995
-1.57353 0.49709
-1.57354 0.49423
-1.57356 0.49138
-1.57356 0.49084
-1.57358 0.48798
-1.57359 0.48513
-1.57361 0.48227
-1.57361 0.48173
-1.57363 0.47888
-1.57365 0.47602
-1.57366 0.47316
-1.57368 0.47031
-1.57370 0.46745
-1.57372 0.46459
-1.57374 0.46173
-1.57375 0.45888
-1.57377 0.45602
-1.57379 0.45316
-1.57381 0.45031
-1.57383 0.44745
-1.57384 0.44531
-1.57386 0.44245
-1.57388 0.43959
-1.57390 0.43673
-1.57391 0.43620
-1.56736 0.43620
-1.56081 0.43622
-1.55426 0.43626
-1.55303 0.43627
-1.54648 0.43633
-1.53994 0.43640
-1.53340 0.43650
-1.53217 0.43652
-1.52563 0.43664
-1.51910 0.43678
-1.51257 0.43694
-1.51134 0.43697
-1.50482 0.43715
-1.49830 0.43735
-1.49179 0.43756
-1.49057 0.43760
-1.48406 0.43784
-1.47756 0.43810
-1.47108 0.43838
-1.46986 0.43843
-1.46338 0.43873
-1.45691 0.43904
-1.45045 0.43938
-1.44924 0.43944
-1.44279 0.43980
-1.43635 0.44017
-1.42993 0.44056
-1.42872 0.44064
-1.42231 0.44105
-1.41591 0.44148
-1.40952 0.44193
-1.40832 0.44202
-1.40195 0.44249
-1.39559 0.44298
-1.38925 0.44349
-1.38806 0.44358
-1.38174 0.44411
-1.37543 0.44466
-1.36913 0.44522
-1.36795 0.44533
-1.36665 0.44253
-1.36533 0.43973
-1.36460 0.43819
-1.36326 0.43540
-1.36190 0.43260
-1.36114 0.43106
-1.35975 0.42827
-1.35835 0.42548
-1.35756 0.42394
-1.35613 0.42115
-1.35467 0.41836
-1.35387 0.41682
-1.35238 0.41403
-1.35087 0.41124
-1.35004 0.40971
-1.34697 0.40714
-1.34602 0.40635
-1.34148 0.40416
-1.33690 0.40198
-1.33622 0.40166
-1.33014 0.40017
-1.32401 0.39870
-1.31966 0.39767
-1.31346 0.39622
-1.30844 0.39507
-1.30157 0.39417
-1.29468 0.39328
-1.29261 0.39302
-1.28537 0.39274
-1.27812 0.39248
-1.27087 0.39224
-1.26772 0.39214
-1.26046 0.39193
-1.25318 0.39174
-1.24590 0.39157
-1.24274 0.39150
-1.23585 0.39243
-1.23190 0.39298
-1.22646 0.39487
-1.22107 0.39677
-1.21573 0.39868
-1.21343 0.39951
-1.20817 0.40144
-1.20295 0.40337
-1.19778 0.40532
-1.19556 0.40617
-1.19157 0.40852
-1.18763 0.41088
-1.18646 0.41158
-1.18376 0.41421
-1.18162 0.41633
-1.17899 0.41896
-1.17639 0.42160
-1.17458 0.42347
-1.17418 0.42632
-1.17379 0.42917
-1.17374 0.42954
-1.17465 0.43237
-1.17494 0.43328
-1.17746 0.43591
-1.17996 0.43855
-1.18132 0.44001
-1.18377 0.44265
-1.18619 0.44530
-1.18751 0.44675
-1.18989 0.44941
-1.19224 0.45206
-1.19352 0.45352
-1.19583 0.45618
-1.19811 0.45884
-1.19935 0.46030
-1.20159 0.46296
-1.20381 0.46563
-1.20501 0.46710
-1.21074 0.46608
-1.21404 0.46551
-1.21981 0.46452
-1.22559 0.46354
-1.23141 0.46258
-1.23250 0.46241
-1.23834 0.46147
-1.24420 0.46054
-1.25009 0.45963
-1.25120 0.45946
-1.25711 0.45857
-1.26305 0.45770
-1.26901 0.45684
-1.27013 0.45668
-1.27612 0.45585
-1.28213 0.45502
-1.28816 0.45422
-1.28929 0.45407
-1.29534 0.45329
-1.30142 0.45252
-1.30752 0.45176
-1.30866 0.45163
-1.31478 0.45089
-1.32092 0.45018
-1.32708 0.44948
-1.32824 0.44935
-1.33442 0.44867
-1.34062 0.44801
-1.34684 0.44737
-1.34800 0.44725
-1.35424 0.44663
-1.36050 0.44602
-1.36677 0.44544
-1.36795 0.44533
-1.37424 0.44476
-1.38055 0.44421
-1.38688 0.44368
-1.38806 0.44358
-1.39440 0.44307
-1.40076 0.44258
-1.40713 0.44211
-1.40832 0.44202
-1.41471 0.44157
-1.42111 0.44113
-1.42752 0.44071
-1.42872 0.44064
-1.43515 0.44024
-1.44158 0.43986
-1.44803 0.43951
-1.44924 0.43944
-1.45570 0.43910
-1.46217 0.43878
-1.46864 0.43848
-1.46986 0.43843
-1.47635 0.43815
-1.48284 0.43789
-1.48935 0.43765
-1.49057 0.43760
-1.49708 0.43739
-1.50360 0.43718
-1.51012 0.43700
-1.51134 0.43697
-1.51787 0.43681
-1.52441 0.43667
-1.53094 0.43654
-1.53217 0.43652
-1.53871 0.43642
-1.54526 0.43634
-1.55180 0.43628
-1.55303 0.43627
-1.55958 0.43622
-1.56613 0.43620
-1.57268 0.43620
-1.57391 0.43620
-1.57393 0.43334
-1.57395 0.43048
-1.57396 0.42891
-1.57398 0.42606
-1.57400 0.42320
-1.57402 0.42163
-1.57404 0.41877
-1.57406 0.41591
-1.57407 0.41434
-1.57409 0.41148
-1.57412 0.40863
-1.57413 0.40706
-1.57415 0.40420
-1.57418 0.40134
-1.57419 0.39977
-1.57422 0.39691
-1.57424 0.39406
-1.57425 0.39249
-1.57428 0.38963
-1.57431 0.38677
-1.57432 0.38520
-1.57435 0.38234
-1.57437 0.37948
-1.57439 0.37791
-1.57441 0.37506
-1.57444 0.37220
-1.57446 0.37063
-1.57449 0.36777
-1.57452 0.36491
-1.57453 0.36334
-1.57456 0.36049
-1.57459 0.35763
-1.57462 0.35477
-1.57465 0.35191
-1.57468 0.34906
-1.57472 0.34620
-1.57475 0.34334
-1.57478 0.34049
-1.57482 0.33763
-1.57485 0.33477
-1.57489 0.33191
-1.57492 0.32906
-1.57495 0.32691
-1.57498 0.32406
-1.57502 0.32120
-1.57506 0.31834
-1.57507 0.31781
-1.56608 0.31781
-1.55709 0.31783
-1.54810 0.31789
-1.54642 0.31790
-1.53743 0.31798
-1.52846 0.31809
-1.51948 0.31822
-1.51780 0.31825
-1.50884 0.31842
-1.49989 0.31860
-1.49095 0.31882
-1.48928 0.31886
-1.48035 0.31911
-1.47145 0.31938
-1.46255 0.31968
-1.46089 0.31973
-1.45201 0.32006
-1.44316 0.32041
-1.43432 0.32079
-1.43267 0.32086
-1.42386 0.32127
-1.41507 0.32170
-1.40631 0.32215
-1.40467 0.32224
-1.39594 0.32273
-1.38724 0.32323
-1.37856 0.32377
-1.37694 0.32387
-1.36830 0.32443
-1.35968 0.32502
-1.35110 0.32563
-1.34950 0.32575
-1.34096 0.32639
-1.33245 0.32705
-1.32398 0.32774
-1.32240 0.32787
-1.31397 0.32858
-1.30558 0.32932
-1.29722 0.33008
-1.29566 0.33022
-1.29329 0.32748
-1.29088 0.32473
-1.28954 0.32322
-1.29197 0.32596
-1.29436 0.32871
-1.29566 0.33022
-1.29329 0.32748
-1.29088 0.32473
-1.28954 0.32322
-1.28706 0.32047
-1.28455 0.31773
-1.28314 0.31623
-1.28056 0.31349
-1.27793 0.31075
-1.27646 0.30925
-1.27375 0.30651
-1.27100 0.30378
-1.26946 0.30228
-1.26663 0.29955
-1.26375 0.29683
-1.26214 0.29533
-1.25918 0.29261
-1.25616 0.28989
-1.25447 0.28840
-1.25136 0.28568
-1.24819 0.28297
-1.24642 0.28148
-1.24315 0.27878
-1.23982 0.27607
-1.23796 0.27459
-1.24133 0.27729
-1.24463 0.27999
-1.24642 0.28148
-1.24962 0.28419
-1.25277 0.28691
-1.25447 0.28840
-1.25752 0.29111
-1.26052 0.29383
-1.26214 0.29533
-1.26506 0.29806
-1.26792 0.30078
-1.26946 0.30228
-1.27225 0.30501
-1.27498 0.30774
-1.27646 0.30925
-1.27912 0.31198
-1.28173 0.31472
-1.28314 0.31623
-1.28568 0.31897
-1.28818 0.32171
-1.29064 0.32445
-1.29305 0.32720
-1.29543 0.32995
-1.29566 0.33022
-1.28735 0.33101
-1.27909 0.33182
-1.27086 0.33266
-1.26932 0.33281
-1.26115 0.33367
-1.25301 0.33456
-1.24492 0.33546
-1.24341 0.33563
-1.23537 0.33656
-1.22738 0.33751
-1.21943 0.33848
-1.21794 0.33867
-1.21005 0.33967
-1.20220 0.34069
-1.19441 0.34173
-1.19295 0.34192
-1.18521 0.34299
-1.17751 0.34407
-1.16987 0.34518
-1.16844 0.34539
-1.16085 0.34652
-1.15331 0.34766
-1.14583 0.34883
-1.14443 0.34905
-1.13700 0.35025
-1.12962 0.35146
-1.12230 0.35269
-1.12093 0.35292
-1.11367 0.35417
-1.10645 0.35544
-1.09929 0.35673
-1.09795 0.35697
-1.09086 0.35828
-1.08680 0.35904
-1.08307 0.35652
-1.07929 0.35400
-1.07718 0.35261
-1.07331 0.35010
-1.06939 0.34759
-1.06721 0.34621
-1.06320 0.34371
-1.05913 0.34122
-1.05687 0.33985
-1.05270 0.33736
-1.04848 0.33489
-1.04612 0.33352
-1.04180 0.33105
-1.03741 0.32859
-1.03497 0.32724
-1.03048 0.32479
-1.02592 0.32234
-1.02338 0.32099
-1.01871 0.31856
-1.01397 0.31613
-1.01134 0.31480
-1.00648 0.31238
-1.00155 0.30997
-0.99881 0.30865
-1.00663 0.30711
-1.01453 0.30559
-1.02251 0.30409
-1.02402 0.30381
-1.03209 0.30234
-1.04024 0.30088
-1.04847 0.29945
-1.05678 0.29803
-1.06517 0.29664
-1.07363 0.29526
-1.07683 0.29475
-1.06833 0.29612
-1.05992 0.29751
-1.05158 0.29891
-1.04332 0.30034
-1.03514 0.30179
-1.02704 0.30326
-1.02402 0.30381
-1.02083 0.30650
-1.01769 0.30919
-1.01461 0.31188
-1.01158 0.31458
-1.01134 0.31480
-1.01612 0.31722
-1.02083 0.31965
-1.02338 0.32099
-1.02798 0.32344
-1.03251 0.32589
-1.03497 0.32724
-1.03940 0.32970
-1.04376 0.33216
-1.04612 0.33352
-1.05038 0.33600
-1.05458 0.33848
-1.05687 0.33985
-1.06097 0.34234
-1.06501 0.34484
-1.06721 0.34621
-1.07116 0.34872
-1.07506 0.35123
-1.07718 0.35261
-1.08099 0.35513
-1.08475 0.35765
-1.08680 0.35904
-1.09387 0.35772
-1.09795 0.35697
-1.10511 0.35568
-1.11231 0.35441
-1.11956 0.35315
-1.12093 0.35292
-1.12825 0.35168
-1.13561 0.35047
-1.14303 0.34928
-1.14443 0.34905
-1.15191 0.34788
-1.15943 0.34673
-1.16701 0.34560
-1.16844 0.34539
-1.17607 0.34428
-1.18376 0.34319
-1.19149 0.34212
-1.19295 0.34192
-1.20074 0.34088
-1.20858 0.33986
-1.21646 0.33885
-1.21794 0.33867
-1.22588 0.33769
-1.23387 0.33674
-1.24190 0.33580
-1.24341 0.33563
-1.25149 0.33472
-1.25962 0.33384
-1.26779 0.33297
-1.26932 0.33281
-1.27754 0.33198
-1.28580 0.33116
-1.29410 0.33037
-1.29566 0.33022
-1.30401 0.32946
-1.31239 0.32872
-1.32081 0.32800
-1.32240 0.32787
-1.33086 0.32718
-1.33936 0.32651
-1.34790 0.32587
-1.34950 0.32575
-1.35807 0.32513
-1.36668 0.32454
-1.37531 0.32397
-1.37694 0.32387
-1.38561 0.32333
-1.39431 0.32282
-1.40303 0.32233
-1.40467 0.32224
-1.41343 0.32178
-1.42221 0.32134
-1.43102 0.32093
-1.43267 0.32086
-1.44150 0.32048
-1.45035 0.32012
-1.45922 0.31979
-1.46089 0.31973
-1.46978 0.31943
-1.47868 0.31916
-1.48760 0.31891
-1.48928 0.31886
-1.49822 0.31864
-1.50716 0.31845
-1.51612 0.31828
-1.51780 0.31825
-1.52677 0.31811
-1.53575 0.31800
-1.54473 0.31791
-1.54642 0.31790
-1.55540 0.31784
-1.56439 0.31781
-1.57338 0.31781
-1.57507 0.31781
-1.57511 0.31495
-1.57514 0.31209
-1.57517 0.31052
-1.57521 0.30766
-1.57525 0.30481
-1.57527 0.30324
-1.57531 0.30038
-1.57536 0.29752
-1.57538 0.29595
-1.57543 0.29309
-1.57547 0.29024
-1.57550 0.28866
-1.57554 0.28581
-1.57559 0.28295
-1.57562 0.28138
-1.57567 0.27852
-1.57572 0.27566
-1.57575 0.27409
-1.57580 0.27123
-1.57585 0.26838
-1.57588 0.26681
-1.56750 0.26502
-1.55900 0.26325
-1.55039 0.26150
-1.54166 0.25978
-1.54094 0.25963
-1.52995 0.25974
-1.51896 0.25987
-1.50799 0.26003
-1.49703 0.26023
-1.48609 0.26045
-1.47517 0.26071
-1.47108 0.26081
-1.48199 0.26055
-1.49293 0.26031
-1.50388 0.26010
-1.51484 0.25993
-1.52583 0.25978
-1.53682 0.25967
-1.54094 0.25963
-1.55194 0.25956
-1.56295 0.25953
-1.57396 0.25952
-1.57603 0.25952
-1.57608 0.25667
-1.57614 0.25381
-1.57620 0.25095
-1.57622 0.25041
-1.57628 0.24756
-1.57634 0.24470
-1.57641 0.24184
-1.57648 0.23899
-1.57654 0.23613
-1.57661 0.23327
-1.57669 0.23041
-1.57676 0.22756
-1.57684 0.22470
-1.57691 0.22184
-1.57699 0.21899
-1.57708 0.21613
-1.57714 0.21399
-1.57722 0.21113
-1.57731 0.20827
-1.57740 0.20541
-1.57742 0.20488
-1.56347 0.20488
-1.54953 0.20492
-1.53560 0.20500
-1.53299 0.20502
-1.51907 0.20515
-1.50517 0.20532
-1.49130 0.20552
-1.48870 0.20557
-1.47487 0.20582
-1.46107 0.20612
-1.44731 0.20645
-1.44474 0.20651
-1.43104 0.20689
-1.41739 0.20731
-1.40380 0.20777
-1.40126 0.20786
-1.38774 0.20836
-1.37429 0.20890
-1.36091 0.20947
-1.35841 0.20958
-1.34513 0.21021
-1.33192 0.21086
-1.31880 0.21156
-1.31635 0.21169
-1.30333 0.21243
-1.29040 0.21320
-1.27757 0.21401
-1.27518 0.21417
-1.26247 0.21502
-1.24986 0.21590
-1.23735 0.21682
-1.23502 0.21699
-1.22264 0.21795
-1.21038 0.21894
-1.19822 0.21997
-1.19595 0.22016
-1.18394 0.22122
-1.17203 0.22232
-1.16025 0.22344
-1.15805 0.22366
-1.14641 0.22482
-1.13489 0.22601
-1.12349 0.22723
-1.12137 0.22746
-1.11012 0.22872
-1.09899 0.23000
-1.08799 0.23132
-1.08594 0.23157
-1.07509 0.23291
-1.06436 0.23428
-1.05376 0.23568
-1.05178 0.23595
-1.04133 0.23738
-1.03101 0.23883
-1.02081 0.24031
-1.01891 0.24060
-1.00886 0.24211
-0.99894 0.24364
-0.98914 0.24520
-0.98731 0.24549
-0.97766 0.24708
-0.96814 0.24869
-0.95873 0.25032
-0.95698 0.25063
-0.94773 0.25228
-0.93859 0.25396
-0.92957 0.25566
-0.92790 0.25598
-0.91902 0.25770
-0.91027 0.25945
-0.90163 0.26121
-0.90002 0.26154
-0.89152 0.26333
-0.88669 0.26436
-0.87980 0.26215
-0.87280 0.25996
-0.86889 0.25876
-0.86170 0.25658
-0.85439 0.25442
-0.85031 0.25324
-0.84281 0.25110
-0.83517 0.24897
-0.83092 0.24781
-0.82308 0.24571
-0.81510 0.24362
-0.81066 0.24248
-0.80247 0.24041
-0.79414 0.23837
-0.78950 0.23725
-0.78342 0.23478
-0.78146 0.23399
-0.77742 0.23129
-0.77328 0.22860
-0.77273 0.22825
-0.77257 0.22539
-0.77240 0.22254
-0.77228 0.22052
-0.77211 0.21767
-0.77197 0.21537
-0.77443 0.21256
-0.77696 0.20976
-0.77772 0.20892
-0.78308 0.20629
-0.78858 0.20366
-0.79421 0.20104
-0.79670 0.19991
-0.80256 0.19730
-0.80857 0.19470
-0.81475 0.19210
-0.81747 0.19098
-0.82850 0.18904
-0.83494 0.18793
-0.84927 0.18695
-0.86374 0.18602
-0.87836 0.18512
-0.88473 0.18475
-0.89955 0.18391
-0.91450 0.18311
-0.92958 0.18235
-0.93615 0.18204
-0.95183 0.18193
-0.96754 0.18186
-0.97223 0.18185
-0.98762 0.18240
-0.99991 0.18287
-1.01512 0.18350
-1.03023 0.18418
-1.04081 0.18467
-1.05373 0.18623
-1.06644 0.18782
-1.06828 0.18805
-1.07834 0.19018
-1.08141 0.19085
-1.08836 0.19337
-1.09512 0.19591
-1.09877 0.19731
-1.10527 0.19986
-1.11161 0.20241
-1.11503 0.20382
-1.12112 0.20639
-1.12706 0.20897
-1.13027 0.21039
-1.13599 0.21298
-1.14157 0.21557
-1.14459 0.21700
-1.14996 0.21961
-1.15522 0.22222
-1.15805 0.22366
-1.15287 0.22104
-1.14756 0.21844
-1.14459 0.21700
-1.13908 0.21441
-1.13343 0.21181
-1.13027 0.21039
-1.12440 0.20781
-1.11839 0.20524
-1.11503 0.20382
-1.10878 0.20126
-1.10237 0.19871
-1.09877 0.19731
-1.10840 0.19517
-1.11825 0.19304
-1.12832 0.19094
-1.13275 0.19003
-1.14313 0.18796
-1.15375 0.18590
-1.16460 0.18387
-1.16938 0.18299
-1.18058 0.18099
-1.19203 0.17901
-1.20374 0.17706
-1.20888 0.17622
-1.22096 0.17430
-1.23331 0.17241
-1.24592 0.17054
-1.25147 0.16974
-1.26449 0.16791
-1.27779 0.16612
-1.29138 0.16435
-1.29735 0.16360
-1.31136 0.16187
-1.32567 0.16018
-1.34028 0.15853
-1.34670 0.15782
-1.36175 0.15621
-1.37711 0.15464
-1.39278 0.15311
-1.39966 0.15246
-1.41578 0.15098
-1.43221 0.14954
-1.44895 0.14815
-1.45630 0.14756
-1.47350 0.14622
-1.49100 0.14493
-1.50882 0.14368
-1.51663 0.14316
-1.53489 0.14198
-1.55344 0.14085
-1.57229 0.13976
-1.58054 0.13931
-1.58074 0.13645
-1.58095 0.13360
-1.58108 0.13203
-1.58130 0.12917
-1.58154 0.12631
-1.58179 0.12345
-1.58205 0.12060
-1.58232 0.11774
-1.58261 0.11488
-1.58291 0.11203
-1.58323 0.10917
-1.58356 0.10631
-1.58391 0.10346
-1.58429 0.10060
-1.58468 0.09774
-1.58499 0.09560