0.00000 0.00000
1.57080 0.00286
1.57080 0.00571
1.57080 0.00857
1.57080 0.01143
1.57080 0.01429
1.57080 0.01714
1.57080 0.02000
1.57080 0.02286
1.57080 0.02571
1.57080 0.02857
1.57080 0.03143
1.57080 0.03429
1.57080 0.03714
1.57080 0.04000
1.57080 0.04286
1.57080 0.04571
1.57080 0.04857
1.57080 0.05143
1.57080 0.05429
1.57080 0.05714
1.57080 0.06000
1.57080 0.06286
1.57080 0.06571
1.57080 0.06857
1.57080 0.07143
1.57040 0.07276
1.56762 0.07320
1.55988 0.07274
1.54443 0.07147
1.51815 0.06950
1.48699 0.06761
1.47762 0.06707
1.44228 0.06543
1.41952 0.06446
1.37957 0.06317
1.34136 0.06207
1.29713 0.06122
1.25174 0.06048
1.24298 0.06036
1.19584 0.06003
1.14827 0.05983
1.12844 0.05979
1.08092 0.06003
1.03390 0.06041
1.00637 0.06070
0.96167 0.06154
0.91824 0.06249
0.88814 0.06324
0.84897 0.06462
0.81150 0.06609
0.78369 0.06729
0.75149 0.06912
0.72099 0.07102
0.69862 0.07252
0.67349 0.07470
0.64981 0.07692
0.63403 0.07850
0.61523 0.08093
0.59754 0.08339
0.58800 0.08479
0.57452 0.08740
0.56181 0.09003
0.55737 0.09099
0.54818 0.09372
0.53951 0.09645
0.53866 0.09673
0.53294 0.09953
0.52869 0.10172
0.52571 0.10456
0.52454 0.10573
0.52361 0.10856
0.52349 0.11011
0.52175 0.11032
0.51597 0.10921
0.50343 0.10689
0.48803 0.10454
0.48113 0.10353
0.46293 0.10136
0.44573 0.09943
0.42423 0.09751
0.40188 0.09563
0.39383 0.09499
0.36867 0.09339
0.34266 0.09186
0.32251 0.09074
0.29368 0.08956
0.26410 0.08845
0.23379 0.08742
0.23067 0.08732
0.19877 0.08663
0.16641 0.08604
0.13362 0.08553
0.12076 0.08536
0.08729 0.08525
0.05377 0.08524
0.02028 0.08532
0.00000 0.08541
-0.03284 0.08591
-0.06527 0.08651
-0.09722 0.08719
-0.12076 0.08775
-0.15070 0.08884
-0.17990 0.09000
-0.20832 0.09124
-0.23067 0.09228
-0.25616 0.09388
-0.28079 0.09553
-0.30457 0.09723
-0.32252 0.09860
-0.34303 0.10060
-0.36273 0.10264
-0.38166 0.10471
-0.39383 0.10611
-0.40961 0.10841
-0.42472 0.11074
-0.43921 0.11310
-0.44573 0.11419
-0.45739 0.11671
-0.46855 0.11925
-0.47925 0.12180
-0.48112 0.12226
-0.48935 0.12493
-0.49723 0.12761
-0.50342 0.12980
-0.50885 0.13256
-0.51405 0.13533
-0.51597 0.13638
-0.51911 0.13921
-0.52176 0.14168
-0.52308 0.14453
-0.52349 0.14545
-0.52361 0.14751
-0.52454 0.14779
-0.52869 0.14631
-0.53691 0.14371
-0.53867 0.14317
-0.54865 0.14069
-0.55736 0.13861
-0.56955 0.13630
-0.58216 0.13400
-0.58800 0.13297
-0.60276 0.13088
-0.61799 0.12882
-0.63372 0.12679
-0.63403 0.12675
-0.65168 0.12495
-0.66983 0.12319
-0.68851 0.12148
-0.69864 0.12058
-0.71931 0.11916
-0.74048 0.11779
-0.76214 0.11648
-0.78369 0.11525
-0.80716 0.11430
-0.83102 0.11341
-0.85524 0.11259
-0.87980 0.11184
-0.88813 0.11160
-0.91353 0.11120
-0.93910 0.11088
-0.96480 0.11063
-0.99060 0.11045
-1.00636 0.11038
-1.03214 0.11060
-1.05781 0.11088
-1.08333 0.11124
-1.10867 0.11168
-1.12843 0.11207
-1.15276 0.11289
-1.17672 0.11378
-1.20030 0.11473
-1.22348 0.11574
-1.24298 0.11666
-1.26434 0.11803
-1.28521 0.11945
-1.30557 0.12093
-1.32543 0.12245
-1.34135 0.12374
-1.35899 0.12556
-1.37612 0.12742
-1.39275 0.12932
-1.40890 0.13125
-1.41953 0.13258
-1.43341 0.13475
-1.44684 0.13695
-1.45985 0.13917
-1.47245 0.14141
-1.47763 0.14237
-1.48812 0.14479
-1.49825 0.14724
-1.50806 0.14970
-1.51755 0.15217
-1.51814 0.15233
-1.52575 0.15493
-1.53310 0.15755
-1.54022 0.16017
-1.54443 0.16177
-1.54965 0.16450
-1.55470 0.16723
-1.55958 0.16997
-1.55988 0.17014
-1.56312 0.17294
-1.56626 0.17575
-1.56761 0.17698
-1.56923 0.17982
-1.57040 0.18194
-1.57079 0.18480
-1.57080 0.18481
-1.57119 0.18547
-1.57399 0.18390
-1.57956 0.18123
-1.58171 0.18022
-1.58873 0.17765
-1.59596 0.17509
-1.59717 0.17468
-1.60594 0.17226
-1.61496 0.16985
-1.62345 0.16766
-1.63427 0.16545
-1.64538 0.16325
-1.65679 0.16107
-1.66396 0.15974
-1.67710 0.15779
-1.69057 0.15587
-1.70437 0.15397
-1.71852 0.15211
-1.72207 0.15165
-1.73773 0.15004
-1.75372 0.14847
-1.77005 0.14694
-1.78672 0.14545
-1.80024 0.14429
-1.81838 0.14312
-1.83681 0.14200
-1.85552 0.14092
-1.87452 0.13990
-1.89379 0.13892
-1.89861 0.13869
-1.91873 0.13805
-1.93903 0.13746
-1.95949 0.13693
-1.98011 0.13646
-2.00086 0.13605
-2.01316 0.13583
-2.03420 0.13578
-2.05524 0.13580
-2.07627 0.13587
-2.09726 0.13601
-2.11821 0.13620
-2.13523 0.13641
-2.15570 0.13698
-2.17600 0.13761
-2.19610 0.13830
-2.21600 0.13904
-2.23568 0.13984
-2.25346 0.14061
-2.27197 0.14177
-2.29018 0.14297
-2.30807 0.14422
-2.32566 0.14551
-2.34293 0.14685
-2.35790 0.14807
-2.37357 0.14972
-2.38890 0.15140
-2.40388 0.15312
-2.41853 0.15487
-2.43285 0.15666
-2.44296 0.15797
-2.45555 0.16001
-2.46782 0.16207
-2.47977 0.16416
-2.49143 0.16627
-2.50279 0.16840
-2.50756 0.16932
-2.51725 0.17165
-2.52668 0.17400
-2.53586 0.17636
-2.54480 0.17874
-2.55350 0.18113
-2.55359 0.18115
-2.56077 0.18369
-2.56775 0.18624
-2.57454 0.18880
-2.58115 0.19136
-2.58423 0.19258
-2.58930 0.19527
-2.59424 0.19795
-2.59904 0.20065
-2.60293 0.20289
-2.60625 0.20566
-2.60948 0.20844
-2.61262 0.21122
-2.61290 0.21148
-2.61476 0.21431
-2.61657 0.21714
-2.61706 0.21791
-2.61772 0.22076
-2.61798 0.22187
-2.61811 0.22319
-2.61983 0.22183
-2.62380 0.21911
-2.62562 0.21789
-2.63078 0.21526
-2.63608 0.21264
-2.63817 0.21162
-2.64477 0.20912
-2.65152 0.20663
-2.65844 0.20415
-2.66047 0.20344
-2.66873 0.20112
-2.67718 0.19881
-2.68583 0.19652
-2.69468 0.19425
-2.69586 0.19395
-2.70602 0.19187
-2.71641 0.18981
-2.72702 0.18778
-2.73786 0.18576
-2.74776 0.18398
-2.76003 0.18221
-2.77254 0.18047
-2.78529 0.17877
-2.79829 0.17709
-2.81153 0.17544
-2.81908 0.17453
-2.83352 0.17316
-2.84820 0.17184
-2.86309 0.17055
-2.87821 0.16930
-2.89356 0.16809
-2.90912 0.16692
-2.91092 0.16679
-2.92729 0.16592
-2.94383 0.16510
-2.96052 0.16433
-2.97737 0.16360
-2.99437 0.16292
-3.01150 0.16228
-3.02083 0.16196
-3.03840 0.16167
-3.05602 0.16144
-3.07369 0.16125
-3.09140 0.16111
-3.10913 0.16103
-3.12687 0.16099
-3.14159 0.16100
-3.15920 0.16134
-3.17673 0.16172
-3.19417 0.16215
-3.21151 0.16264
-3.22874 0.16317
-3.24586 0.16375
-3.26236 0.16435
-3.27873 0.16529
-3.29492 0.16627
-3.31092 0.16729
-3.32671 0.16836
-3.34231 0.16947
-3.35769 0.17062
-3.37226 0.17175
-3.38647 0.17322
-3.40044 0.17473
-3.41417 0.17626
-3.42766 0.17783
-3.44091 0.17943
-3.45392 0.18106
-3.46410 0.18238
-3.47575 0.18428
-3.48715 0.18620
-3.49833 0.18815
-3.50927 0.19012
-3.51998 0.19211
-3.53048 0.19413
-3.53542 0.19510
-3.54455 0.19732
-3.55347 0.19957
-3.56219 0.20183
-3.57072 0.20410
-3.57906 0.20639
-3.58721 0.20869
-3.58732 0.20872
-3.59420 0.21119
-3.60092 0.21366
-3.60749 0.21614
-3.61390 0.21864
-3.62018 0.22114
-3.62271 0.22217
-3.62768 0.22480
-3.63254 0.22744
-3.63729 0.23008
-3.64193 0.23273
-3.64502 0.23453
-3.64840 0.23727
-3.65170 0.24002
-3.65493 0.24277
-3.65756 0.24506
-3.65961 0.24787
-3.66161 0.25068
-3.66335 0.25320
-3.66428 0.25604
-3.66508 0.25853
-3.66521 0.26082
-3.66613 0.25997
-3.66904 0.25722
-3.67028 0.25606
-3.67418 0.25338
-3.67817 0.25071
-3.68026 0.24933
-3.68535 0.24677
-3.69055 0.24421
-3.69586 0.24166
-3.69895 0.24021
-3.70543 0.23781
-3.71203 0.23541
-3.71877 0.23303
-3.72566 0.23066
-3.72959 0.22933
-3.73765 0.22715
-3.74587 0.22497
-3.75425 0.22282
-3.76279 0.22068
-3.77149 0.21856
-3.77562 0.21757
-3.78547 0.21567
-3.79549 0.21379
-3.80569 0.21193
-3.81607 0.21010
-3.82662 0.20828
-3.83737 0.20650
-3.84022 0.20603
-3.85197 0.20450
-3.86390 0.20300
-3.87600 0.20152
-3.88828 0.20008
-3.90074 0.19867
-3.91337 0.19728
-3.92529 0.19603
-3.93884 0.19496
-3.95255 0.19393
-3.96639 0.19293
-3.98038 0.19198
-3.99451 0.19106
-4.00877 0.19018
-4.02316 0.18934
-4.02973 0.18897
-4.04463 0.18845
-4.05960 0.18798
-4.07464 0.18755
-4.08975 0.18717
-4.10492 0.18682
-4.12014 0.18652
-4.13541 0.18627
-4.14796 0.18609
-4.16330 0.18619
-4.17862 0.18633
-4.19392 0.18652
-4.20917 0.18675
-4.22439 0.18702
-4.23956 0.18734
-4.25468 0.18770
-4.26973 0.18810
-4.27002 0.18811
-4.28470 0.18883
-4.29926 0.18958
-4.31370 0.19038
-4.32802 0.19122
-4.34221 0.19209
-4.35627 0.19301
-4.37019 0.19396
-4.38398 0.19495
-4.38458 0.19499
-4.39764 0.19627
-4.41052 0.19758
-4.42324 0.19893
-4.43578 0.20031
-4.44814 0.20171
-4.46034 0.20315
-4.47236 0.20462
-4.48294 0.20595
-4.49386 0.20770
-4.50460 0.20948
-4.51516 0.21127
-4.52554 0.21310
-4.53574 0.21494
-4.54577 0.21680
-4.55562 0.21869
-4.56111 0.21976
-4.56982 0.22188
-4.57836 0.22401
-4.58674 0.22615
-4.59496 0.22832
-4.60302 0.23049
-4.61094 0.23269
-4.61870 0.23489
-4.61922 0.23504
-4.62589 0.23742
-4.63242 0.23982
-4.63883 0.24222
-4.64511 0.24464
-4.65127 0.24706
-4.65731 0.24949
-4.65974 0.25049
-4.66465 0.25306
-4.66947 0.25564
-4.67419 0.25823
-4.67881 0.26082
-4.68335 0.26342
-4.68602 0.26498
-4.68946 0.26769
-4.69283 0.27040
-4.69613 0.27311
-4.69937 0.27582
-4.70147 0.27762
-4.70367 0.28041
-4.70583 0.28320
-4.70794 0.28599
-4.70920 0.28768
-4.71026 0.29052
-4.71129 0.29336
-4.71231 0.29620
-4.71239 0.29643
-4.71278 0.29641
-4.71497 0.29363
-4.71558 0.29287
-4.71860 0.29015
-4.72167 0.28743
-4.72331 0.28601
-4.72734 0.28340
-4.73145 0.28078
-4.73563 0.27818
-4.73875 0.27627
-4.74396 0.27380
-4.74926 0.27133
-4.75465 0.26887
-4.76015 0.26642
-4.76504 0.26429
-4.77159 0.26201
-4.77826 0.25974
-4.78504 0.25749
-4.79194 0.25525
-4.79897 0.25301
-4.80556 0.25097
-4.81364 0.24895
-4.82186 0.24695
-4.83021 0.24496
-4.83870 0.24299
-4.84732 0.24104
-4.85608 0.23911
-4.86366 0.23747
-4.87343 0.23579
-4.88333 0.23413
-4.89337 0.23250
-4.90355 0.23089
-4.91387 0.22930
-4.92434 0.22774
-4.93495 0.22620
-4.94184 0.22522
-4.95328 0.22397
-4.96484 0.22275
-4.97653 0.22156
-4.98835 0.22040
-5.00028 0.21927
-5.01234 0.21817
-5.02452 0.21711
-5.03682 0.21607
-5.04020 0.21580
-5.05302 0.21507
-5.06594 0.21438
-5.07893 0.21373
-5.09200 0.21311
-5.10514 0.21253
-5.11836 0.21198
-5.13164 0.21147
-5.14498 0.21100
-5.15476 0.21068
-5.16831 0.21056
-5.18188 0.21047
-5.19545 0.21042
-5.20903 0.21040
-5.22261 0.21043
-5.23618 0.21050
-5.24974 0.21060
-5.26329 0.21075
-5.27681 0.21093
-5.27682 0.21093
-5.29015 0.21142
-5.30340 0.21196
-5.31660 0.21253
-5.32971 0.21313
-5.34275 0.21378
-5.35572 0.21446
-5.36859 0.21517
-5.38138 0.21592
-5.39408 0.21671
-5.39505 0.21677
-5.40721 0.21786
-5.41925 0.21897
-5.43117 0.22012
-5.44296 0.22130
-5.45463 0.22251
-5.46617 0.22375
-5.47758 0.22502
-5.48886 0.22632
-5.49949 0.22758
-5.50989 0.22917
-5.52014 0.23078
-5.53024 0.23242
-5.54021 0.23408
-5.55003 0.23577
-5.55971 0.23748
-5.56926 0.23920
-5.57866 0.24096
-5.58456 0.24208
-5.59298 0.24407
-5.60127 0.24608
-5.60943 0.24810
-5.61745 0.25015
-5.62534 0.25220
-5.63310 0.25428
-5.64074 0.25637
-5.64825 0.25847
-5.64915 0.25872
-5.65571 0.26102
-5.66215 0.26332
-5.66848 0.26564
-5.67469 0.26797
-5.68080 0.27030
-5.68681 0.27265
-5.69271 0.27500
-5.69518 0.27600
-5.70009 0.27852
-5.70491 0.28104
-5.70965 0.28356
-5.71430 0.28609
-5.71887 0.28863
-5.72336 0.29117
-5.72583 0.29259
-5.72934 0.29526
-5.73279 0.29792
-5.73619 0.30059
-5.73952 0.30327
-5.74279 0.30595
-5.74453 0.30739
-5.74687 0.31015
-5.74917 0.31291
-5.75143 0.31568
-5.75366 0.31845
-5.75450 0.31951
-5.75585 0.32234
-5.75718 0.32516
-5.75849 0.32799
-5.75865 0.32833
-5.75917 0.33119
-5.75957 0.33341
-5.75971 0.33451
-5.76137 0.33171
-5.76143 0.33160
-5.76376 0.32885
-5.76614 0.32610
-5.76721 0.32487
-5.77042 0.32221
-5.77368 0.31955
-5.77700 0.31689
-5.77976 0.31471
-5.78397 0.31218
-5.78824 0.30965
-5.79259 0.30713
-5.79701 0.30461
-5.80150 0.30210
-5.80207 0.30178
-5.80742 0.29942
-5.81287 0.29707
-5.81840 0.29473
-5.82401 0.29240
-5.82972 0.29007
-5.83552 0.28776
-5.83745 0.28700
-5.84413 0.28487
-5.85090 0.28276
-5.85778 0.28066
-5.86476 0.27857
-5.87185 0.27650
-5.87904 0.27444
-5.88634 0.27240
-5.88935 0.27157
-5.89750 0.26975
-5.90575 0.26795
-5.91412 0.26617
-5.92260 0.26441
-5.93119 0.26267
-5.93989 0.26095
-5.94871 0.25924
-5.95765 0.25756
-5.96067 0.25700
-5.97034 0.25558
-5.98012 0.25418
-5.99001 0.25281
-6.00001 0.25147
-6.01011 0.25015
-6.02032 0.24885
-6.03063 0.24758
-6.04105 0.24634
-6.05157 0.24513
-6.05251 0.24502
-6.06357 0.24409
-6.07470 0.24320
-6.08592 0.24233
-6.09721 0.24149
-6.10858 0.24069
-6.12003 0.23992
-6.13155 0.23917
-6.14314 0.23847
-6.15479 0.23779
-6.16242 0.23736
-6.17438 0.23702
-6.18636 0.23670
-6.19838 0.23642
-6.21043 0.23617
-6.22250 0.23596
-6.23459 0.23578
-6.24670 0.23564
-6.25882 0.23553
-6.27094 0.23545
-6.28308 0.23541
-6.28319 0.23541
-6.29526 0.23569
-6.30730 0.23599
-6.31932 0.23634
-6.33129 0.23671
-6.34323 0.23712
-6.35512 0.23756
-6.36697 0.23804
-6.37876 0.23855
-6.39051 0.23909
-6.40220 0.23967
-6.40395 0.23976
-6.41526 0.24064
-6.42649 0.24155
-6.43764 0.24249
-6.44869 0.24346
-6.45966 0.24447
-6.47054 0.24550
-6.48133 0.24656
-6.49202 0.24764
-6.50261 0.24876
-6.51312 0.24990
-6.51386 0.24999
-6.52375 0.25141
-6.53352 0.25285
-6.54319 0.25432
-6.55274 0.25581
-6.56218 0.25732
-6.57152 0.25886
-6.58074 0.26042
-6.58984 0.26200
-6.59884 0.26361
-6.60570 0.26486
-6.61386 0.26671
-6.62191 0.26859
-6.62985 0.27049
-6.63768 0.27240
-6.64539 0.27432
-6.65300 0.27627
-6.66050 0.27823
-6.66790 0.28020
-6.67519 0.28219
-6.67702 0.28269
-6.68346 0.28489
-6.68981 0.28710
-6.69606 0.28931
-6.70221 0.29154
-6.70827 0.29378
-6.71423 0.29604
-6.72011 0.29830
-6.72590 0.30057
-6.72892 0.30177
-6.73382 0.30421
-6.73864 0.30666
-6.74338 0.30912
-6.74805 0.31158
-6.75265 0.31405
-6.75717 0.31652
-6.76163 0.31900
-6.76430 0.32052
-6.76788 0.32313
-6.77140 0.32575
-6.77486 0.32837
-6.77827 0.33100
-6.78163 0.33363
-6.78493 0.33627
-6.78661 0.33762
-6.78907 0.34035
-6.79150 0.34309
-6.79388 0.34583
-6.79623 0.34856
-6.79854 0.35130
-6.79916 0.35204
-6.80068 0.35484
-6.80217 0.35765
-6.80365 0.36046
-6.80494 0.36296
-6.80566 0.36581
-6.80637 0.36865
-6.80667 0.36985
-6.80680 0.37236
-6.80773 0.37040
-6.80954 0.36762
-6.81137 0.36485
-6.81187 0.36410
-6.81444 0.36140
-6.81704 0.35870
-6.81968 0.35601
-6.82185 0.35383
-6.82528 0.35124
-6.82876 0.34866
-6.83230 0.34608
-6.83589 0.34350
-6.83953 0.34093
-6.84055 0.34022
-6.84497 0.33778
-6.84946 0.33536
-6.85401 0.33294
-6.85863 0.33053
-6.86332 0.32813
-6.86808 0.32573
-6.87119 0.32419
-6.87675 0.32197
-6.88240 0.31975
-6.88812 0.31756
-6.89392 0.31537
-6.89980 0.31319
-6.90577 0.31102
-6.91181 0.30886
-6.91721 0.30697
-6.92407 0.30503
-6.93101 0.30311
-6.93804 0.30120
-6.94517 0.29930
-6.95238 0.29742
-6.95968 0.29556
-6.96708 0.29371
-6.97456 0.29188
-6.98182 0.29014
-6.99006 0.28857
-6.99839 0.28701
-7.00681 0.28548
-7.01532 0.28396
-7.02392 0.28247
-7.03261 0.28100
-7.04139 0.27955
-7.05026 0.27812
-7.05923 0.27671
-7.06688 0.27554
-7.07644 0.27443
-7.08609 0.27334
-7.09581 0.27227
-7.10561 0.27124
-7.11548 0.27023
-7.12542 0.26924
-7.13544 0.26829
-7.14553 0.26735
-7.15568 0.26645
-7.16591 0.26558
-7.17132 0.26513
-7.18190 0.26456
-7.19252 0.26403
-7.20318 0.26353
-7.21389 0.26306
-7.22463 0.26262
-7.23540 0.26220
-7.24621 0.26182
-7.25705 0.26147
-7.26791 0.26115
-7.27880 0.26086
-7.28955 0.26061
-7.30051 0.26066
-7.31147 0.26074
-7.32241 0.26086
-7.33335 0.26100
-7.34427 0.26118
-7.35518 0.26138
-7.36607 0.26162
-7.37693 0.26189
-7.38778 0.26219
-7.39859 0.26252
-7.40938 0.26288
-7.41161 0.26296
-7.42216 0.26363
-7.43265 0.26434
-7.44309 0.26507
-7.45346 0.26582
-7.46378 0.26661
-7.47404 0.26743
-7.48423 0.26827
-7.49436 0.26914
-7.50442 0.27004
-7.51441 0.27096
-7.52433 0.27192
-7.52617 0.27210
-7.53561 0.27334
-7.54496 0.27460
-7.55423 0.27589
-7.56341 0.27720
-7.57250 0.27853
-7.58151 0.27989
-7.59042 0.28127
-7.59925 0.28267
-7.60799 0.28410
-7.61665 0.28554
-7.62453 0.28689
-7.63247 0.28860
-7.64032 0.29034
-7.64807 0.29209
-7.65573 0.29386
-7.66330 0.29564
-7.67078 0.29744
-7.67817 0.29926
-7.68546 0.30110
-7.69267 0.30295
-7.69979 0.30481
-7.70271 0.30559
-7.70907 0.30768
-7.71535 0.30978
-7.72155 0.31189
-7.72766 0.31401
-7.73369 0.31614
-7.73963 0.31829
-7.74550 0.32045
-7.75129 0.32261
-7.75700 0.32479
-7.76081 0.32627
-7.76572 0.32863
-7.77056 0.33100
-7.77533 0.33338
-7.78003 0.33576
-7.78466 0.33815
-7.78923 0.34055
-7.79374 0.34296
-7.79818 0.34537
-7.80133 0.34711
-7.80497 0.34967
-7.80857 0.35223
-7.81210 0.35480
-7.81559 0.35738
-7.81903 0.35995
-7.82242 0.36254
-7.82576 0.36512
-7.82761 0.36658
-7.83019 0.36927
-7.83273 0.37197
-7.83523 0.37467
-7.83769 0.37737
-7.84012 0.38008
-7.84252 0.38278
-7.84306 0.38341
-7.84473 0.38619
-7.84638 0.38898
-7.84800 0.39176
-7.84960 0.39455
-7.85079 0.39665
-7.85169 0.39948
-7.85258 0.40232
-7.85345 0.40515
-7.85359 0.40560
-7.85386 0.40845
-7.85398 0.40981
-7.85438 0.40912
-7.85578 0.40632
-7.85717 0.40357
-7.85923 0.40083
-7.86131 0.39810
-7.86342 0.39537
-7.86490 0.39348
-7.86771 0.39085
-7.87057 0.38822
-7.87346 0.38559
-7.87639 0.38296
-7.87936 0.38034
-7.88035 0.37948
-7.88403 0.37698
-7.88776 0.37449
-7.89153 0.37201
-7.89536 0.36953
-7.89924 0.36705
-7.90318 0.36458
-7.90663 0.36245
-7.91131 0.36014
-7.91604 0.35785
-7.92084 0.35556
-7.92569 0.35328
-7.93061 0.35101
-7.93560 0.34874
-7.94065 0.34649
-7.94576 0.34424
-7.94715 0.34364
-7.95296 0.34159
-7.95884 0.33955
-7.96479 0.33753
-7.97081 0.33551
-7.97691 0.33351
-7.98307 0.33152
-7.98932 0.32955
-7.99563 0.32758
-8.00203 0.32563
-8.00526 0.32466
-8.01231 0.32295
-8.01944 0.32125
-8.02665 0.31956
-8.03393 0.31790
-8.04129 0.31625
-8.04873 0.31462
-8.05624 0.31301
-8.06383 0.31141
-8.07150 0.30983
-8.07925 0.30827
-8.08343 0.30744
-8.09175 0.30616
-8.10013 0.30489
-8.10858 0.30364
-8.11710 0.30242
-8.12569 0.30122
-8.13435 0.30004
-8.14307 0.29888
-8.15186 0.29775
-8.16072 0.29664
-8.16965 0.29556
-8.17864 0.29449
-8.18180 0.29413
-8.19117 0.29336
-8.20059 0.29262
-8.21005 0.29191
-8.21956 0.29122
-8.22912 0.29056
-8.23872 0.28993
-8.24836 0.28932
-8.25804 0.28874
-8.26775 0.28819
-8.27751 0.28766
-8.28730 0.28716
-8.29635 0.28673
-8.30630 0.28656
-8.31626 0.28642
-8.32623 0.28631
-8.33621 0.28623
-8.34619 0.28617
-8.35618 0.28615
-8.36616 0.28615
-8.37615 0.28618
-8.38613 0.28624
-8.39610 0.28633
-8.40607 0.28645
-8.41603 0.28659
-8.41842 0.28663
-8.42825 0.28709
-8.43805 0.28757
-8.44781 0.28809
-8.45754 0.28863
-8.46723 0.28920
-8.47689 0.28979
-8.48650 0.29041
-8.49607 0.29106
-8.50560 0.29173
-8.51508 0.29243
-8.52452 0.29316
-8.53391 0.29392
-8.53664 0.29414
-8.54566 0.29519
-8.55461 0.29626
-8.56350 0.29736
-8.57232 0.29848
-8.58107 0.29962
-8.58976 0.30079
-8.59838 0.30198
-8.60693 0.30319
-8.61542 0.30442
-8.62383 0.30568
-8.63218 0.30696
-8.64045 0.30825
-8.64109 0.30835
-8.64883 0.30991
-8.65649 0.31149
-8.66408 0.31309
-8.67159 0.31470
-8.67902 0.31634
-8.68638 0.31799
-8.69366 0.31965
-8.70086 0.32134
-8.70799 0.32304
-8.71504 0.32475
-8.72202 0.32648
-8.72615 0.32752
-8.73246 0.32949
-8.73869 0.33147
-8.74485 0.33346
-8.75093 0.33547
-8.75694 0.33749
-8.76288 0.33952
-8.76875 0.34156
-8.77455 0.34361
-8.78028 0.34568
-8.78594 0.34775
-8.79075 0.34954
-8.79568 0.35182
-8.80054 0.35410
-8.80535 0.35639
-8.81009 0.35869
-8.81477 0.36100
-8.81940 0.36332
-8.82396 0.36564
-8.82846 0.36797
-8.83291 0.37031
-8.83678 0.37237
-8.84049 0.37486
-8.84416 0.37737
-8.84777 0.37987
-8.85134 0.38239
-8.85486 0.38490
-8.85834 0.38743
-8.86177 0.38995
-8.86516 0.39248
-8.86742 0.39419
-8.87010 0.39684
-8.87274 0.39950
-8.87535 0.40216
-8.87793 0.40482
-8.88047 0.40748
-8.88298 0.41015
-8.88545 0.41282
-8.88612 0.41354
-8.88792 0.41630
-8.88970 0.41906
-8.89146 0.42182
-8.89320 0.42458
-8.89491 0.42734
-8.89609 0.42927
-8.89715 0.43209
-8.89820 0.43491
-8.89923 0.43773
-8.90024 0.44051
-8.90067 0.44337
-8.90109 0.44622
-8.90116 0.44672
-8.90130 0.44759
-8.90237 0.44477
-8.90302 0.44311
-8.90466 0.44035
-8.90633 0.43759
-8.90801 0.43483
-8.90881 0.43354
-8.91112 0.43087
-8.91346 0.42819
-8.91584 0.42552
-8.91824 0.42285
-8.92067 0.42018
-8.92135 0.41944
-8.92443 0.41689
-8.92754 0.41434
-8.93069 0.41180
-8.93388 0.40926
-8.93711 0.40673
-8.94038 0.40420
-8.94366 0.40169
-8.94761 0.39931
-8.95160 0.39694
-8.95564 0.39457
-8.95973 0.39221
-8.96387 0.38986
-8.96807 0.38751
-8.97231 0.38517
-8.97660 0.38284
-8.97905 0.38153
-8.98399 0.37938
-8.98900 0.37724
-8.99406 0.37511
-8.99918 0.37299
-9.00436 0.37088
-9.00960 0.36878
-9.01490 0.36669
-9.02025 0.36461
-9.02567 0.36254
-9.03095 0.36056
-9.03702 0.35871
-9.04315 0.35688
-9.04934 0.35507
-9.05560 0.35326
-9.06192 0.35147
-9.06831 0.34970
-9.07476 0.34794
-9.08128 0.34619
-9.08786 0.34446
-9.09451 0.34275
-9.10122 0.34105
-9.10227 0.34078
-9.10951 0.33934
-9.11681 0.33790
-9.12417 0.33649
-9.13160 0.33510
-9.13909 0.33372
-9.14664 0.33236
-9.15425 0.33102
-9.16192 0.32971
-9.16965 0.32841
-9.17745 0.32713
-9.18530 0.32587
-9.19322 0.32463
-9.19411 0.32449
-9.20241 0.32353
-9.21077 0.32260
-9.21917 0.32168
-9.22763 0.32079
-9.23612 0.31993
-9.24467 0.31908
-9.25326 0.31826
-9.26189 0.31747
-9.27056 0.31669
-9.27928 0.31594
-9.28804 0.31522
-9.29683 0.31452
-9.30402 0.31397
-9.31304 0.31358
-9.32209 0.31323
-9.33115 0.31290
-9.34023 0.31259
-9.34934 0.31231
-9.35845 0.31206
-9.36758 0.31183
-9.37672 0.31163
-9.38588 0.31146
-9.39504 0.31131
-9.40421 0.31118
-9.41339 0.31109
-9.42257 0.31102
-9.42478 0.31100
-9.43393 0.31125
-9.44306 0.31151
-9.45218 0.31181
-9.46128 0.31212
-9.47037 0.31247
-9.47943 0.31284
-9.48847 0.31323
-9.49748 0.31366
-9.50647 0.31410
-9.51544 0.31458
-9.52437 0.31507
-9.53328 0.31560
-9.54216 0.31614
-9.54554 0.31636
-9.55415 0.31721
-9.56271 0.31808
-9.57123 0.31898
-9.57969 0.31990
-9.58811 0.32085
-9.59648 0.32181
-9.60480 0.32280
-9.61306 0.32381
-9.62128 0.32485
-9.62944 0.32590
-9.63754 0.32698
-9.64560 0.32808
-9.65360 0.32919
-9.65545 0.32946
-9.66300 0.33085
-9.67049 0.33226
-9.67792 0.33370
-9.68528 0.33514
-9.69258 0.33661
-9.69982 0.33810
-9.70699 0.33960
-9.71410 0.34112
-9.72114 0.34266
-9.72812 0.34421
-9.73504 0.34578
-9.74190 0.34737
-9.74729 0.34864
-9.75355 0.35048
-9.75975 0.35233
-9.76587 0.35419
-9.77194 0.35607
-9.77794 0.35796
-9.78388 0.35986
-9.78975 0.36178
-9.79557 0.36370
-9.80132 0.36564
-9.80701 0.36760
-9.81264 0.36956
-9.81821 0.37154
-9.81861 0.37168
-9.82357 0.37386
-9.82848 0.37604
-9.83332 0.37824
-9.83811 0.38044
-9.84285 0.38266
-9.84753 0.38488
-9.85216 0.38711
-9.85673 0.38935
-9.86126 0.39159
-9.86573 0.39385
-9.87015 0.39611
-9.87051 0.39630
-9.87430 0.39872
-9.87804 0.40116
-9.88174 0.40360
-9.88540 0.40604
-9.88901 0.40849
-9.89258 0.41094
-9.89610 0.41340
-9.89958 0.41587
-9.90303 0.41834
-9.90590 0.42043
-9.90868 0.42303
-9.91143 0.42564
-9.91414 0.42825
-9.91683 0.43087
-9.91948 0.43348
-9.92210 0.43610
-9.92468 0.43873
-9.92724 0.44135
-9.92820 0.44235
-9.93013 0.44508
-9.93204 0.44781
-9.93393 0.45054
-9.93579 0.45327
-9.93763 0.45600
-9.93945 0.45873
-9.94075 0.46071
-9.94195 0.46351
-9.94315 0.46632
-9.94433 0.46912
-9.94549 0.47193
-9.94654 0.47447
-9.94712 0.47732
-9.94770 0.48016
-9.94826 0.48293
-9.94839 0.48567
-9.94924 0.48284
-9.94932 0.48258
-9.95062 0.47980
-9.95195 0.47701
-9.95329 0.47422
-9.95346 0.47385
-9.95537 0.47114
-9.95729 0.46843
-9.95924 0.46572
-9.96121 0.46302
-9.96320 0.46031
-9.96344 0.45998
-9.96602 0.45738
-9.96862 0.45478
-9.97126 0.45219
-9.97392 0.44960
-9.97662 0.44701
-9.97935 0.44442
-9.98211 0.44184
-9.98214 0.44181
-9.98548 0.43937
-9.98887 0.43692
-9.99229 0.43449
-9.99575 0.43205
-9.99925 0.42963
-10.00279 0.42721
-10.00637 0.42479
-10.00999 0.42238
-10.01278 0.42054
-10.01701 0.41831
-10.02129 0.41608
-10.02562 0.41385
-10.02999 0.41164
-10.03441 0.40943
-10.03888 0.40723
-10.04339 0.40504
-10.04796 0.40286
-10.05257 0.40068
-10.05723 0.39852
-10.05881 0.39779
-10.06405 0.39583
-10.06934 0.39388
-10.07468 0.39194
-10.08007 0.39002
-10.08552 0.38810
-10.09103 0.38620
-10.09658 0.38431
-10.10219 0.38243
-10.10786 0.38056
-10.11358 0.37870
-10.11936 0.37686
-10.12341 0.37559
-10.12973 0.37399
-10.13610 0.37241
-10.14253 0.37084
-10.14901 0.36929
-10.15555 0.36775
-10.16214 0.36623
-10.16879 0.36472
-10.17549 0.36324
-10.18224 0.36176
-10.18905 0.36031
-10.19592 0.35887
-10.20284 0.35745
-10.20847 0.35631
-10.21583 0.35518
-10.22324 0.35406
-10.23070 0.35295
-10.23821 0.35187
-10.24576 0.35081
-10.25335 0.34977
-10.26100 0.34875
-10.26868 0.34775
-10.27641 0.34677
-10.28418 0.34581
-10.29200 0.34488
-10.29986 0.34396
-10.30775 0.34307
-10.31292 0.34250
-10.32109 0.34191
-10.32928 0.34134
-10.33751 0.34080
-10.34576 0.34028
-10.35403 0.33978
-10.36233 0.33931
-10.37065 0.33886
-10.37899 0.33843
-10.38736 0.33803
-10.39574 0.33765
-10.40414 0.33729
-10.41256 0.33696
-10.42099 0.33665
-10.42944 0.33637
-10.43114 0.33631
-10.43964 0.33634
-10.44813 0.33639
-10.45662 0.33646
-10.46511 0.33655
-10.47359 0.33668
-10.48206 0.33682
-10.49053 0.33699
-10.49898 0.33718
-10.50743 0.33740
-10.51586 0.33764
-10.52429 0.33791
-10.53269 0.33820
-10.54109 0.33851
-10.54947 0.33885
-10.55320 0.33901
-10.56141 0.33965
-10.56958 0.34032
-10.57771 0.34101
-10.58582 0.34173
-10.59389 0.34246
-10.60192 0.34322
-10.60992 0.34400
-10.61788 0.34480
-10.62581 0.34563
-10.63369 0.34647
-10.64154 0.34734
-10.64935 0.34823
-10.65712 0.34914
-10.66485 0.35007
-10.66776 0.35043
-10.67513 0.35164
-10.68244 0.35288
-10.68970 0.35413
-10.69691 0.35541
-10.70407 0.35670
-10.71118 0.35801
-10.71823 0.35933
-10.72523 0.36068
-10.73218 0.36204
-10.73908 0.36342
-10.74592 0.36482
-10.75272 0.36623
-10.75946 0.36766
-10.76613 0.36911
-10.77234 0.37080
-10.77850 0.37251
-10.78460 0.37424
-10.79065 0.37597
-10.79664 0.37773
-10.80258 0.37949
-10.80846 0.38127
-10.81428 0.38306
-10.82005 0.38486
-10.82577 0.38668
-10.83143 0.38851
-10.83704 0.39035
-10.84260 0.39220
-10.84430 0.39278
-10.84930 0.39485
-10.85425 0.39693
-10.85914 0.39902
-10.86399 0.40112
-10.86878 0.40323
-10.87352 0.40534
-10.87822 0.40747
-10.88286 0.40961
-10.88746 0.41175
-10.89201 0.41390
-10.89651 0.41606
-10.90097 0.41823
-10.90241 0.41894
-10.90627 0.42129
-10.91010 0.42365
-10.91388 0.42601
-10.91763 0.42838
-10.92133 0.43075
-10.92499 0.43313
-10.92861 0.43552
-10.93219 0.43791
-10.93573 0.44030
-10.93923 0.44271
-10.94270 0.44511
-10.94292 0.44527
-10.94581 0.44782
-10.94866 0.45037
-10.95148 0.45293
-10.95427 0.45549
-10.95703 0.45806
-10.95975 0.46063
-10.96245 0.46320
-10.96512 0.46577
-10.96775 0.46835
-10.96921 0.46978
-10.97126 0.47247
-10.97328 0.47516
-10.97529 0.47786
-10.97727 0.48055
-10.97923 0.48325
-10.98117 0.48595
-10.98308 0.48865
-10.98465 0.49088
-10.98600 0.49366
-10.98732 0.49644
-10.98864 0.49923
-10.98993 0.50201
-10.99122 0.50479
-10.99238 0.50735
-10.99304 0.51018
-10.99369 0.51302
-10.99433 0.51586
-10.99497 0.51870
-10.99557 0.52143
-10.99597 0.52006
-10.99700 0.51726
-10.99805 0.51445
-10.99877 0.51254
-11.00033 0.50979
-11.00191 0.50705
-11.00351 0.50431
-11.00513 0.50157
-11.00649 0.49928
-11.00866 0.49663
-11.01085 0.49399
-11.01307 0.49135
-11.01531 0.48871
-11.01757 0.48608
-11.01986 0.48344
-11.02194 0.48107
-11.02480 0.47856
-11.02768 0.47606
-11.03060 0.47356
-11.03354 0.47107
-11.03652 0.46858
-11.03953 0.46609
-11.04257 0.46361
-11.04565 0.46113
-11.04823 0.45907
-11.05187 0.45675
-11.05555 0.45444
-11.05927 0.45214
-11.06303 0.44984
-11.06683 0.44754
-11.07067 0.44525
-11.07454 0.44297
-11.07846 0.44070
-11.08241 0.43843
-11.08641 0.43617
-11.08874 0.43487
-11.09329 0.43280
-11.09788 0.43074
-11.10252 0.42870
-11.10720 0.42666
-11.11193 0.42463
-11.11670 0.42261
-11.12151 0.42060
-11.12638 0.41860
-11.13128 0.41661
-11.13624 0.41463
-11.14124 0.41266
-11.14630 0.41070
-11.14685 0.41049
-11.15239 0.40875
-11.15798 0.40703
-11.16362 0.40532
-11.16931 0.40363
-11.17504 0.40194
-11.18082 0.40028
-11.18665 0.39862
-11.19253 0.39698
-11.19846 0.39535
-11.20443 0.39374
-11.21046 0.39214
-11.21653 0.39055
-11.22265 0.38898
-11.22502 0.38838
-11.23157 0.38707
-11.23817 0.38578
-11.24481 0.38450
-11.25149 0.38324
-11.25822 0.38200
-11.26499 0.38078
-11.27180 0.37957
-11.27865 0.37838
-11.28555 0.37721
-11.29250 0.37606
-11.29948 0.37493
-11.30651 0.37381
-11.31357 0.37272
-11.32068 0.37164
-11.32339 0.37123
-11.33079 0.37045
-11.33823 0.36968
-11.34570 0.36893
-11.35320 0.36820
-11.36072 0.36750
-11.36828 0.36681
-11.37586 0.36615
-11.38347 0.36551
-11.39111 0.36489
-11.39877 0.36429
-11.40646 0.36371
-11.41417 0.36315
-11.42190 0.36262
-11.42966 0.36210
-11.43744 0.36161
-11.43795 0.36158
-11.44583 0.36139
-11.45373 0.36122
-11.46163 0.36108
-11.46953 0.36095
-11.47745 0.36085
-11.48536 0.36078
-11.49328 0.36072
-11.50120 0.36069
-11.50912 0.36068
-11.51704 0.36069
-11.52496 0.36073
-11.53288 0.36078
-11.54080 0.36086
-11.54871 0.36097
-11.55661 0.36109
-11.56001 0.36115
-11.56782 0.36159
-11.57562 0.36205
-11.58339 0.36253
-11.59114 0.36303
-11.59888 0.36355
-11.60659 0.36409
-11.61427 0.36466
-11.62193 0.36525
-11.62957 0.36586
-11.63718 0.36649
-11.64476 0.36714
-11.65232 0.36781
-11.65985 0.36851
-11.66735 0.36922
-11.67482 0.36995
-11.67823 0.37030
-11.68542 0.37133
-11.69257 0.37238
-11.69967 0.37344
-11.70674 0.37453
-11.71376 0.37564
-11.72075 0.37676
-11.72769 0.37790
-11.73459 0.37906
-11.74145 0.38024
-11.74826 0.38143
-11.75503 0.38265
-11.76176 0.38388
-11.76844 0.38512
-11.77508 0.38639
-11.78168 0.38767
-11.78268 0.38787
-11.78887 0.38941
-11.79501 0.39097
-11.80110 0.39254
-11.80714 0.39413
-11.81313 0.39573
-11.81908 0.39734
-11.82497 0.39897
-11.83082 0.40061
-11.83662 0.40227
-11.84237 0.40394
-11.84808 0.40562
-11.85373 0.40732
-11.85934 0.40902
-11.86491 0.41075
-11.86774 0.41163
-11.87280 0.41359
-11.87780 0.41555
-11.88276 0.41752
-11.88768 0.41951
-11.89254 0.42150
-11.89736 0.42350
-11.90214 0.42552
-11.90687 0.42754
-11.91156 0.42957
-11.91620 0.43162
-11.92079 0.43367
-11.92535 0.43573
-11.92986 0.43780
-11.93234 0.43895
-11.93630 0.44121
-11.94023 0.44348
-11.94411 0.44576
-11.94795 0.44804
-11.95176 0.45033
-11.95552 0.45263
-11.95925 0.45493
-11.96294 0.45724
-11.96659 0.45955
-11.97021 0.46187
-11.97379 0.46420
-11.97733 0.46653
-11.97837 0.46722
-11.98136 0.46971
-11.98433 0.47220
-11.98726 0.47470
-11.99017 0.47720
-11.99304 0.47970
-11.99588 0.48221
-11.99870 0.48472
-12.00148 0.48724
-12.00424 0.48976
-12.00696 0.49228
-12.00901 0.49420
-12.01118 0.49685
-12.01333 0.49949
-12.01546 0.50215
-12.01756 0.50480
-12.01964 0.50746
-12.02170 0.51011
-12.02374 0.51277
-12.02576 0.51544
-12.02771 0.51804
-12.02918 0.52079
-12.03064 0.52355
-12.03208 0.52630
-12.03351 0.52906
-12.03492 0.53181
-12.03632 0.53457
-12.03769 0.53730
-12.03856 0.54012
-12.03942 0.54294
-12.04028 0.54576
-12.04113 0.54858
-12.04183 0.55094
-12.04219 0.55379
-12.04255 0.55664
-12.04276 0.55826
-12.04289 0.55891
-12.04369 0.55608
-12.04450 0.55326
-12.04461 0.55288
-12.04589 0.55011
-12.04717 0.54734
-12.04847 0.54457
-12.04979 0.54181
-12.05040 0.54052
-12.05222 0.53784
-12.05405 0.53515
-12.05590 0.53247
-12.05777 0.52979
-12.05966 0.52712
-12.06157 0.52444
-12.06295 0.52254
-12.06538 0.51998
-12.06783 0.51742
-12.07031 0.51486
-12.07281 0.51231
-12.07534 0.50976
-12.07789 0.50722
-12.08047 0.50468
-12.08308 0.50214
-12.08525 0.50004
-12.08839 0.49765
-12.09155 0.49526
-12.09475 0.49288
-12.09797 0.49051
-12.10123 0.48813
-12.10452 0.48577
-12.10784 0.48341
-12.11120 0.48105
-12.11458 0.47870
-12.11801 0.47636
-12.12064 0.47457
-12.12458 0.47241
-12.12856 0.47026
-12.13258 0.46811
-12.13664 0.46597
-12.14073 0.46384
-12.14486 0.46171
-12.14902 0.45960
-12.15323 0.45749
-12.15747 0.45539
-12.16176 0.45330
-12.16608 0.45121
-12.17044 0.44914
-12.17254 0.44815
-12.17739 0.44629
-12.18228 0.44444
-12.18722 0.44261
-12.19219 0.44078
-12.19720 0.43896
-12.20226 0.43716
-12.20736 0.43537
-12.21250 0.43358
-12.21768 0.43181
-12.22291 0.43005
-12.22817 0.42831
-12.23348 0.42657
-12.23884 0.42485
-12.24386 0.42326
-12.24966 0.42179
-12.25550 0.42034
-12.26139 0.41890
-12.26731 0.41748
-12.27328 0.41607
-12.27928 0.41468
-12.28533 0.41330
-12.29141 0.41194
-12.29754 0.41059
-12.30370 0.40926
-12.30991 0.40794
-12.31616 0.40664
-12.32244 0.40535
-12.32877 0.40408
-12.33513 0.40283
-12.33570 0.40272
-12.34238 0.40174
-12.34908 0.40079
-12.35582 0.39984
-12.36259 0.39892
-12.36939 0.39802
-12.37623 0.39713
-12.38309 0.39626
-12.38998 0.39542
-12.39690 0.39459
-12.40385 0.39378
-12.41083 0.39298
-12.41784 0.39221
-12.42487 0.39146
-12.43193 0.39073
-12.43902 0.39001
-12.44561 0.38937
-12.45288 0.38897
-12.46016 0.38859
-12.46746 0.38823
-12.47477 0.38789
-12.48209 0.38757
-12.48943 0.38727
-12.49677 0.38699
-12.50413 0.38674
-12.51149 0.38650
-12.51887 0.38629
-12.52625 0.38609
-12.53363 0.38592
-12.54103 0.38577
-12.54843 0.38564
-12.55583 0.38553
-12.56324 0.38544
-12.56637 0.38541
-12.57376 0.38564
-12.58114 0.38588
-12.58851 0.38614
-12.59587 0.38643
-12.60322 0.38673
-12.61055 0.38706
-12.61788 0.38741
-12.62519 0.38777
-12.63248 0.38816
-12.63977 0.38857
-12.64703 0.38900
-12.65428 0.38945
-12.66151 0.38992
-12.66873 0.39041
-12.67592 0.39092
-12.68310 0.39145
-12.68713 0.39176
-12.69410 0.39260
-12.70104 0.39345
-12.70795 0.39432
-12.71483 0.39521
-12.72167 0.39612
-12.72849 0.39705
-12.73527 0.39799
-12.74202 0.39895
-12.74874 0.39994
-12.75542 0.40094
-12.76207 0.40195
-12.76869 0.40299
-12.77527 0.40404
-12.78182 0.40511
-12.78833 0.40620
-12.79481 0.40730
-12.79704 0.40769
-12.80317 0.40907
-12.80926 0.41046
-12.81530 0.41187
-12.82131 0.41329
-12.82727 0.41473
-12.83319 0.41618
-12.83908 0.41765
-12.84491 0.41913
-12.85071 0.42063
-12.85647 0.42214
-12.86218 0.42366
-12.86786 0.42520
-12.87349 0.42675
-12.87908 0.42831
-12.88464 0.42989
-12.88888 0.43111
-12.89397 0.43294
-12.89902 0.43477
-12.90403 0.43662
-12.90899 0.43847
-12.91391 0.44034
-12.91879 0.44222
-12.92363 0.44411
-12.92843 0.44601
-12.93318 0.44791
-12.93790 0.44983
-12.94258 0.45176
-12.94721 0.45370
-12.95181 0.45565
-12.95637 0.45761
-12.96020 0.45928
-12.96425 0.46144
-12.96826 0.46362
-12.97223 0.46580
-12.97616 0.46799
-12.98006 0.47018
-12.98392 0.47239
-12.98774 0.47460
-12.99153 0.47681
-12.99528 0.47904
-12.99900 0.48127
-13.00269 0.48350
-13.00634 0.48575
-13.00996 0.48800
-13.01210 0.48934
-13.01520 0.49176
-13.01827 0.49419
-13.02131 0.49661
-13.02432 0.49905
-13.02730 0.50149
-13.03025 0.50393
-13.03317 0.50637
-13.03607 0.50882
-13.03893 0.51128
-13.04177 0.51374
-13.04458 0.51620
-13.04737 0.51867
-13.04749 0.51877
-13.04977 0.52137
-13.05204 0.52397
-13.05427 0.52658
-13.05649 0.52918
-13.05869 0.53179
-13.06086 0.53441
-13.06301 0.53702
-13.06514 0.53964
-13.06725 0.54226
-13.06934 0.54488
-13.06980 0.54545
-13.07139 0.54817
-13.07296 0.55089
-13.07453 0.55362
-13.07607 0.55634
-13.07760 0.55907
-13.07912 0.56180
-13.08062 0.56453
-13.08211 0.56726
-13.08234 0.56769
-13.08334 0.57049
-13.08434 0.57329
-13.08532 0.57609
-13.08629 0.57889
-13.08726 0.58169
-13.08813 0.58424
-13.08863 0.58709
-13.08912 0.58993
-13.08960 0.59277
-13.08985 0.59425
-13.08998 0.59710
-13.08998 0.59721
-13.09061 0.59438
-13.09091 0.59301
-13.09194 0.59022
-13.09297 0.58743
-13.09402 0.58464
-13.09506 0.58189
-13.09657 0.57917
-13.09810 0.57646
-13.09965 0.57374
-13.10121 0.57103
-13.10278 0.56831
-13.10437 0.56560
-13.10503 0.56448
-13.10710 0.56187
-13.10919 0.55927
-13.11129 0.55666
-13.11342 0.55406
-13.11557 0.55146
-13.11774 0.54887
-13.11992 0.54627
-13.12213 0.54368
-13.12373 0.54182
-13.12643 0.53937
-13.12915 0.53691
-13.13190 0.53446
-13.13468 0.53202
-13.13748 0.52958
-13.14030 0.52714
-13.14315 0.52471
-13.14603 0.52228
-13.14894 0.51986
-13.15187 0.51744
-13.15437 0.51540
-13.15780 0.51315
-13.16126 0.51091
-13.16474 0.50867
-13.16826 0.50644
-13.17181 0.50421
-13.17539 0.50200
-13.17900 0.49978
-13.18264 0.49758
-13.18632 0.49538
-13.19003 0.49319
-13.19377 0.49100
-13.19754 0.48883
-13.20040 0.48720
-13.20465 0.48522
-13.20894 0.48326
-13.21326 0.48130
-13.21761 0.47936
-13.22200 0.47742
-13.22643 0.47549
-13.23089 0.47357
-13.23539 0.47166
-13.23992 0.46976
-13.24449 0.46787
-13.24910 0.46599
-13.25374 0.46413
-13.25843 0.46227
-13.26315 0.46042
-13.26500 0.45970
-13.27014 0.45809
-13.27532 0.45649
-13.28053 0.45490
-13.28578 0.45332
-13.29106 0.45176
-13.29639 0.45021
-13.30175 0.44867
-13.30714 0.44715
-13.31257 0.44564
-13.31804 0.44414
-13.32355 0.44266
-13.32909 0.44118
-13.33467 0.43973
-13.34029 0.43828
-13.34594 0.43685
-13.35006 0.43583
-13.35607 0.43467
-13.36210 0.43353
-13.36817 0.43241
-13.37427 0.43130
-13.38040 0.43021
-13.38656 0.42913
-13.39275 0.42807
-13.39897 0.42703
-13.40522 0.42601
-13.41151 0.42500
-13.41782 0.42400
-13.42416 0.42303
-13.43053 0.42207
-13.43693 0.42113
-13.44335 0.42021
-13.44981 0.41930
-13.45451 0.41865
-13.46118 0.41805
-13.46788 0.41746
-13.47459 0.41689
-13.48132 0.41634
-13.48806 0.41581
-13.49483 0.41530
-13.50161 0.41481
-13.50841 0.41433
-13.51522 0.41388
-13.52204 0.41344
-13.52888 0.41303
-13.53574 0.41263
-13.54260 0.41225
-13.54948 0.41190
-13.55637 0.41156
-13.56328 0.41124
-13.57019 0.41094
-13.57274 0.41083
-13.57969 0.41084
-13.58664 0.41087
-13.59360 0.41092
-13.60055 0.41098
-13.60750 0.41107
-13.61444 0.41117
-13.62138 0.41130
-13.62832 0.41145
-13.63525 0.41161
-13.64217 0.41180
-13.64909 0.41200
-13.65600 0.41223
-13.66291 0.41247
-13.66980 0.41274
-13.67669 0.41302
-13.68356 0.41332
-13.69043 0.41365
-13.69480 0.41386
-13.70152 0.41449
-13.70823 0.41514
-13.71492 0.41581
-13.72158 0.41649
-13.72823 0.41720
-13.73485 0.41792
-13.74145 0.41866
-13.74802 0.41942
-13.75457 0.42019
-13.76109 0.42099
-13.76759 0.42180
-13.77407 0.42263
-13.78052 0.42348
-13.78694 0.42435
-13.79334 0.42523
-13.79971 0.42613
-13.80605 0.42705
-13.80935 0.42753
-13.81541 0.42873
-13.82143 0.42995
-13.82741 0.43119
-13.83336 0.43243
-13.83928 0.43370
-13.84516 0.43498
-13.85101 0.43627
-13.85682 0.43758
-13.86260 0.43890
-13.86835 0.44024
-13.87405 0.44159
-13.87973 0.44296
-13.88537 0.44434
-13.89097 0.44574
-13.89654 0.44714
-13.90207 0.44857
-13.90757 0.45000
-13.90772 0.45004
-13.91284 0.45172
-13.91792 0.45342
-13.92296 0.45513
-13.92797 0.45684
-13.93294 0.45857
-13.93787 0.46031
-13.94277 0.46206
-13.94762 0.46383
-13.95245 0.46560
-13.95723 0.46739
-13.96198 0.46918
-13.96669 0.47099
-13.97136 0.47280
-13.97600 0.47463
-13.98061 0.47646
-13.98517 0.47831
-13.98589 0.47860
-13.99002 0.48066
-13.99411 0.48273
-13.99817 0.48481
-14.00219 0.48689
-14.00618 0.48898
-14.01013 0.49108
-14.01406 0.49319
-14.01794 0.49530
-14.02180 0.49743
-14.02562 0.49956
-14.02941 0.50169
-14.03316 0.50384
-14.03689 0.50599
-14.04058 0.50815
-14.04400 0.51017
-14.04720 0.51251
-14.05037 0.51485
-14.05352 0.51721
-14.05663 0.51956
-14.05972 0.52192
-14.06278 0.52429
-14.06581 0.52666
-14.06882 0.52904
-14.07179 0.53142
-14.07474 0.53381
-14.07767 0.53620
-14.08057 0.53859
-14.08344 0.54099
-14.08452 0.54190
-14.08691 0.54444
-14.08928 0.54699
-14.09163 0.54954
-14.09396 0.55209
-14.09627 0.55465
-14.09855 0.55720
-14.10082 0.55977
-14.10306 0.56233
-14.10529 0.56490
-14.10749 0.56747
-14.10967 0.57004
-14.11080 0.57138
-14.11251 0.57406
-14.11420 0.57675
-14.11588 0.57944
-14.11754 0.58213
-14.11918 0.58482
-14.12081 0.58751
-14.12243 0.59020
-14.12403 0.59290
-14.12562 0.59560
-14.12625 0.59668
-14.12737 0.59946
-14.12849 0.60223
-14.12959 0.60501
-14.13069 0.60779
-14.13177 0.61057
-14.13284 0.61335
-14.13391 0.61613
-14.13398 0.61632
-14.13460 0.61915
-14.13522 0.62198
-14.13583 0.62481
-14.13643 0.62764
-14.13677 0.62925
-14.13698 0.63210
-14.13717 0.63481
-14.13756 0.63277
-14.13838 0.62996
-14.13920 0.62715
-14.14003 0.62434
-14.14036 0.62324
-14.14162 0.62049
-14.14289 0.61774
-14.14417 0.61500
-14.14546 0.61225
-14.14676 0.60951
-14.14808 0.60676
-14.14808 0.60675
-14.14984 0.60410
-14.15162 0.60145
-14.15341 0.59881
-14.15521 0.59616
-14.15703 0.59352
-14.15887 0.59087
-14.16072 0.58823
-14.16259 0.58560
-14.16353 0.58428
-14.16586 0.58176
-14.16821 0.57925
-14.17057 0.57674
-14.17296 0.57424
-14.17537 0.57174
-14.17780 0.56924
-14.18025 0.56674
-14.18272 0.56425
-14.18521 0.56176
-14.18773 0.55928
-14.18982 0.55723
-14.19280 0.55490
-14.19580 0.55258
-14.19883 0.55026
-14.20189 0.54795
-14.20497 0.54564
-14.20807 0.54334
-14.21121 0.54104
-14.21437 0.53875
-14.21756 0.53647
-14.22077 0.53418
-14.22401 0.53191
-14.22728 0.52964
-14.23034 0.52754
-14.23406 0.52547
-14.23782 0.52340
-14.24161 0.52133
-14.24542 0.51928
-14.24927 0.51723
-14.25314 0.51519
-14.25705 0.51316
-14.26099 0.51114
-14.26496 0.50912
-14.26896 0.50711
-14.27299 0.50512
-14.27706 0.50312
-14.28116 0.50114
-14.28528 0.49917
-14.28844 0.49767
-14.29299 0.49593
-14.29758 0.49419
-14.30219 0.49247
-14.30684 0.49075
-14.31152 0.48905
-14.31624 0.48735
-14.32098 0.48567
-14.32576 0.48400
-14.33057 0.48234
-14.33542 0.48069
-14.34030 0.47905
-14.34521 0.47743
-14.35015 0.47581
-14.35513 0.47421
-14.36015 0.47262
-14.36519 0.47104
-14.36662 0.47060
-14.37201 0.46927
-14.37742 0.46796
-14.38287 0.46667
-14.38835 0.46539
-14.39386 0.46412
-14.39940 0.46287
-14.40497 0.46163
-14.41057 0.46041
-14.41620 0.45920
-14.42186 0.45800
-14.42755 0.45682
-14.43327 0.45566
-14.43902 0.45451
-14.44479 0.45337
-14.45060 0.45225
-14.45643 0.45114
-14.46229 0.45006
-14.46498 0.44956
-14.47108 0.44876
-14.47721 0.44797
-14.48336 0.44721
-14.48953 0.44645
-14.49572 0.44572
-14.50193 0.44500
-14.50816 0.44430
-14.51441 0.44362
-14.52067 0.44295
-14.52696 0.44230
-14.53327 0.44167
-14.53959 0.44106
-14.54593 0.44046
-14.55228 0.43989
-14.55866 0.43933
-14.56505 0.43878
-14.57145 0.43826
-14.57787 0.43775
-14.57954 0.43762
-14.58605 0.43742
-14.59257 0.43723
-14.59910 0.43706
-14.60562 0.43691
-14.61216 0.43678
-14.61870 0.43667
-14.62524 0.43657
-14.63178 0.43650
-14.63832 0.43644
-14.64487 0.43640
-14.65142 0.43638
-14.65796 0.43638
-14.66451 0.43640
-14.67106 0.43644
-14.67760 0.43649
-14.68414 0.43657
-14.69068 0.43666
-14.69722 0.43677
-14.70160 0.43686
-14.70806 0.43728
-14.71452 0.43772
-14.72096 0.43817
-14.72738 0.43865
-14.73379 0.43914
-14.74019 0.43965
-14.74657 0.44018
-14.75294 0.44073
-14.75929 0.44129
-14.76563 0.44188
-14.77194 0.44248
-14.77824 0.44310
-14.78452 0.44373
-14.79079 0.44438
-14.79703 0.44505
-14.80326 0.44574
-14.80947 0.44645
-14.81565 0.44717
-14.81983 0.44767
-14.82579 0.44868
-14.83172 0.44971
-14.83762 0.45076
-14.84350 0.45182
-14.84935 0.45290
-14.85517 0.45400
-14.86096 0.45511
-14.86672 0.45623
-14.87246 0.45737
-14.87817 0.45853
-14.88384 0.45970
-14.88949 0.46088
-14.89511 0.46208
-14.90070 0.46329
-14.90626 0.46452
-14.91180 0.46576
-14.91730 0.46702
-14.92277 0.46829
-14.92427 0.46864
-14.92941 0.47017
-14.93452 0.47172
-14.93959 0.47327
-14.94463 0.47484
-14.94964 0.47642
-14.95461 0.47801
-14.95955 0.47961
-14.96446 0.48123
-14.96933 0.48285
-14.97417 0.48449
-14.97898 0.48614
-14.98375 0.48780
-14.98850 0.48947
-14.99321 0.49115
-14.99789 0.49284
-15.00253 0.49455
-15.00715 0.49626
-15.00933 0.49708
-15.01354 0.49902
-15.01771 0.50098
-15.02185 0.50294
-15.02596 0.50490
-15.03004 0.50688
-15.03409 0.50887
-15.03810 0.51086
-15.04208 0.51286
-15.04603 0.51487
-15.04995 0.51689
-15.05384 0.51892
-15.05770 0.52095
-15.06153 0.52299
-15.06533 0.52504
-15.06910 0.52710
-15.07284 0.52916
-15.07393 0.52977
-15.07724 0.53202
-15.08051 0.53428
-15.08376 0.53655
-15.08699 0.53882
-15.09018 0.54110
-15.09335 0.54338
-15.09649 0.54567
-15.09961 0.54797
-15.10269 0.55026
-15.10576 0.55257
-15.10880 0.55488
-15.11181 0.55719
-15.11480 0.55951
-15.11776 0.56184
-15.11996 0.56358
-15.12247 0.56606
-15.12495 0.56855
-15.12741 0.57104
-15.12985 0.57353
-15.13227 0.57602
-15.13467 0.57852
-15.13704 0.58103
-15.13940 0.58353
-15.14174 0.58604
-15.14405 0.58855
-15.14635 0.59107
-15.14863 0.59359
-15.15060 0.59580
-15.15242 0.59844
-15.15423 0.60108
-15.15602 0.60373
-15.15779 0.60638
-15.15955 0.60903
-15.16129 0.61168
-15.16302 0.61433
-15.16473 0.61699
-15.16643 0.61964
-15.16811 0.62230
-15.16930 0.62420
-15.17054 0.62695
-15.17177 0.62970
-15.17299 0.63245
-15.17420 0.63520
-15.17539 0.63795
-15.17658 0.64071
-15.17776 0.64346
-15.17892 0.64622
-15.17928 0.64706
-15.18002 0.64987
-15.18075 0.65269
-15.18148 0.65551
-15.18221 0.65833
-15.18292 0.66114
-15.18342 0.66312
-15.18374 0.66597
-15.18405 0.66882
-15.18435 0.67157
-15.18448 0.67199
-15.18512 0.66917
-15.18576 0.66634
-15.18621 0.66439
-15.18724 0.66162
-15.18829 0.65884
-15.18934 0.65607
-15.19040 0.65330
-15.19147 0.65053
-15.19199 0.64920
-15.19348 0.64651
-15.19498 0.64382
-15.19650 0.64113
-15.19803 0.63845
-15.19957 0.63576
-15.20112 0.63308
-15.20269 0.63040
-15.20427 0.62772
-15.20454 0.62727
-15.20654 0.62470
-15.20856 0.62214
-15.21060 0.61957
-15.21265 0.61702
-15.21472 0.61446
-15.21681 0.61190
-15.21891 0.60935
-15.22104 0.60680
-15.22318 0.60426
-15.22534 0.60171
-15.22684 0.59995
-15.22944 0.59755
-15.23205 0.59516
-15.23468 0.59277
-15.23734 0.59038
-15.24002 0.58800
-15.24272 0.58562
-15.24544 0.58325
-15.24818 0.58088
-15.25094 0.57851
-15.25373 0.57615
-15.25654 0.57379
-15.25938 0.57144
-15.26223 0.56910
-15.26550 0.56693
-15.26880 0.56476
-15.27212 0.56260
-15.27546 0.56045
-15.27883 0.55830
-15.28223 0.55616
-15.28565 0.55403
-15.28910 0.55190
-15.29258 0.54978
-15.29608 0.54767
-15.29961 0.54556
-15.30317 0.54346
-15.30676 0.54137
-15.31037 0.53928
-15.31401 0.53721
-15.31413 0.53714
-15.31816 0.53527
-15.32222 0.53341
-15.32631 0.53156
-15.33042 0.52971
-15.33456 0.52788
-15.33874 0.52605
-15.34294 0.52424
-15.34717 0.52243
-15.35143 0.52064
-15.35572 0.51885
-15.36003 0.51707
-15.36438 0.51530
-15.36876 0.51355
-15.37317 0.51180
-15.37761 0.51006
-15.38208 0.50833
-15.38545 0.50704
-15.39028 0.50556
-15.39514 0.50410
-15.40002 0.50264
-15.40494 0.50120
-15.40988 0.49977
-15.41485 0.49835
-15.41985 0.49695
-15.42488 0.49555
-15.42993 0.49417
-15.43501 0.49281
-15.44013 0.49145
-15.44526 0.49011
-15.45043 0.48878
-15.45563 0.48746
-15.46085 0.48616
-15.46610 0.48487
-15.47138 0.48360
-15.47669 0.48234
-15.47729 0.48219
-15.48286 0.48120
-15.48844 0.48023
-15.49405 0.47927
-15.49968 0.47832
-15.50534 0.47740
-15.51101 0.47648
-15.51671 0.47558
-15.52243 0.47470
-15.52817 0.47383
-15.53393 0.47298
-15.53971 0.47214
-15.54551 0.47132
-15.55134 0.47052
-15.55718 0.46973
-15.56304 0.46896
-15.56892 0.46820
-15.57482 0.46746
-15.58074 0.46674
-15.58667 0.46603
-15.58720 0.46597
-15.59327 0.46556
-15.59935 0.46516
-15.60544 0.46478
-15.61154 0.46441
-15.61765 0.46407
-15.62377 0.46374
-15.62989 0.46343
-15.63603 0.46313
-15.64217 0.46286
-15.64832 0.46260
-15.65447 0.46236
-15.66064 0.46213
-15.66680 0.46193
-15.67298 0.46174
-15.67915 0.46157
-15.68534 0.46141
-15.69152 0.46128
-15.69771 0.46116
-15.70390 0.46106
-15.70796 0.46100
-15.71414 0.46121
-15.72032 0.46144
-15.72648 0.46168
-15.73265 0.46194
-15.73880 0.46222
-15.74495 0.46252
-15.75108 0.46283
-15.75721 0.46316
-15.76333 0.46351
-15.76944 0.46388
-15.77555 0.46426
-15.78164 0.46466
-15.78772 0.46508
-15.79379 0.46551
-15.79984 0.46596
-15.80589 0.46643
-15.81192 0.46692
-15.81794 0.46742
-15.82395 0.46794
-15.82872 0.46836
-15.83456 0.46918
-15.84038 0.47002
-15.84618 0.47087
-15.85195 0.47174
-15.85771 0.47263
-15.86344 0.47353
-15.86915 0.47444
-15.87484 0.47537
-15.88050 0.47632
-15.88615 0.47728
-15.89177 0.47825
-15.89736 0.47925
-15.90294 0.48025
-15.90849 0.48127
-15.91401 0.48231
-15.91952 0.48336
-15.92500 0.48442
-15.93045 0.48550
-15.93588 0.48660
-15.93863 0.48716
-15.94378 0.48853
-15.94889 0.48991
-15.95398 0.49130
-15.95903 0.49270
-15.96406 0.49412
-15.96906 0.49555
-15.97403 0.49699
-15.97897 0.49845
-15.98388 0.49991
-15.98877 0.50139
-15.99362 0.50288
-15.99845 0.50439
-16.00324 0.50590
-16.00801 0.50742
-16.01275 0.50896
-16.01746 0.51051
-16.02215 0.51207
-16.02680 0.51364
-16.03048 0.51490
-16.03476 0.51671
-16.03901 0.51853
-16.04323 0.52037
-16.04741 0.52221
-16.05157 0.52406
-16.05571 0.52592
-16.05981 0.52779
-16.06388 0.52967
-16.06792 0.53155
-16.07194 0.53345
-16.07593 0.53535
-16.07988 0.53726
-16.08381 0.53919
-16.08772 0.54111
-16.09159 0.54305
-16.09544 0.54500
-16.09926 0.54695
-16.10180 0.54826
-16.10520 0.55042
-16.10858 0.55258
-16.11194 0.55476
-16.11526 0.55693
-16.11856 0.55912
-16.12184 0.56131
-16.12509 0.56350
-16.12832 0.56571
-16.13152 0.56791
-16.13469 0.57013
-16.13784 0.57235
-16.14097 0.57457
-16.14407 0.57680
-16.14715 0.57904
-16.15020 0.58128
-16.15323 0.58352
-16.15370 0.58387
-16.15631 0.58628
-16.15890 0.58870
-16.16148 0.59112
-16.16403 0.59355
-16.16656 0.59597
-16.16907 0.59841
-16.17156 0.60084
-16.17403 0.60328
-16.17647 0.60573
-16.17890 0.60817
-16.18131 0.61062
-16.18371 0.61308
-16.18608 0.61554
-16.18843 0.61800
-16.18908 0.61868
-16.19101 0.62128
-16.19293 0.62387
-16.19483 0.62647
-16.19671 0.62907
-16.19858 0.63168
-16.20043 0.63428
-16.20227 0.63689
-16.20409 0.63950
-16.20590 0.64211
-16.20769 0.64472
-16.20947 0.64734
-16.21124 0.64996
-16.21139 0.65018
-16.21274 0.65290
-16.21408 0.65562
-16.21541 0.65834
-16.21673 0.66106
-16.21803 0.66378
-16.21933 0.66651
-16.22062 0.66923
-16.22189 0.67196
-16.22316 0.67468
-16.22393 0.67636
-16.22479 0.67916
-16.22564 0.68196
-16.22648 0.68476
-16.22732 0.68756
-16.22814 0.69036
-16.22897 0.69316
-16.22972 0.69575
-16.23015 0.69859
-16.23058 0.70144
-16.23100 0.70428
-16.23141 0.70712
-16.23145 0.70733
-16.23156 0.71018
-16.23158 0.71052
-16.23207 0.70768
-16.23250 0.70519
-16.23334 0.70240
-16.23419 0.69960
-16.23505 0.69681
-16.23591 0.69401
-16.23665 0.69165
-16.23791 0.68892
-16.23917 0.68620
-16.24045 0.68348
-16.24174 0.68076
-16.24303 0.67805
-16.24434 0.67533
-16.24566 0.67261
-16.24663 0.67064
-16.24835 0.66803
-16.25008 0.66541
-16.25183 0.66280
-16.25360 0.66020
-16.25538 0.65759
-16.25717 0.65499
-16.25897 0.65238
-16.26080 0.64978
-16.26263 0.64719
-16.26448 0.64459
-16.26532 0.64342
-16.26758 0.64096
-16.26985 0.63850
-16.27214 0.63604
-16.27445 0.63359
-16.27678 0.63114
-16.27912 0.62869
-16.28148 0.62625
-16.28387 0.62381
-16.28627 0.62138
-16.28868 0.61894
-16.29112 0.61652
-16.29358 0.61409
-16.29597 0.61176
-16.29884 0.60950
-16.30173 0.60725
-16.30464 0.60500
-16.30757 0.60276
-16.31053 0.60053
-16.31351 0.59829
-16.31651 0.59607
-16.31953 0.59385
-16.32258 0.59163
-16.32564 0.58942
-16.32874 0.58722
-16.33185 0.58502
-16.33499 0.58283
-16.33815 0.58064
-16.34133 0.57846
-16.34199 0.57802
-16.34556 0.57603
-16.34915 0.57406
-16.35277 0.57209
-16.35641 0.57013
-16.36007 0.56818
-16.36376 0.56624
-16.36748 0.56430
-16.37122 0.56237
-16.37499 0.56045
-16.37878 0.55854
-16.38260 0.55663
-16.38645 0.55474
-16.39032 0.55285
-16.39422 0.55097
-16.39815 0.54910
-16.40210 0.54724
-16.40608 0.54538
-16.40659 0.54514
-16.41091 0.54352
-16.41526 0.54191
-16.41963 0.54031
-16.42403 0.53872
-16.42846 0.53714
-16.43291 0.53557
-16.43738 0.53401
-16.44189 0.53246
-16.44641 0.53092
-16.45097 0.52939
-16.45555 0.52788
-16.46016 0.52637
-16.46479 0.52488
-16.46945 0.52340
-16.47414 0.52193
-16.47885 0.52047
-16.48359 0.51902
-16.48836 0.51758
-16.49165 0.51660
-16.49671 0.51544
-16.50179 0.51428
-16.50689 0.51314
-16.51201 0.51202
-16.51715 0.51090
-16.52232 0.50980
-16.52751 0.50872
-16.53272 0.50765
-16.53796 0.50659
-16.54321 0.50554
-16.54849 0.50451
-16.55379 0.50350
-16.55911 0.50250
-16.56445 0.50151
-16.56981 0.50053
-16.57519 0.49958
-16.58059 0.49863
-16.58602 0.49770
-16.59146 0.49679
-16.59610 0.49602
-16.60173 0.49540
-16.60737 0.49480
-16.61302 0.49421
-16.61869 0.49364
-16.62437 0.49309
-16.63007 0.49255
-16.63577 0.49203
-16.64149 0.49152
-16.64722 0.49103
-16.65296 0.49056
-16.65871 0.49010
-16.66447 0.48966
-16.67025 0.48923
-16.67603 0.48882
-16.68182 0.48843
-16.68762 0.48805
-16.69343 0.48769
-16.69925 0.48735
-16.70508 0.48702
-16.71091 0.48671
-16.71433 0.48654
-16.72020 0.48653
-16.72607 0.48655
-16.73194 0.48657
-16.73781 0.48662
-16.74368 0.48668
-16.74955 0.48676
-16.75542 0.48686
-16.76128 0.48697
-16.76714 0.48710
-16.77300 0.48724
-16.77885 0.48741
-16.78470 0.48759
-16.79055 0.48778
-16.79639 0.48799
-16.80222 0.48822
-16.80805 0.48847
-16.81387 0.48873
-16.81969 0.48901
-16.82550 0.48931
-16.83130 0.48962
-16.83639 0.48990
-16.84208 0.49052
-16.84775 0.49116
-16.85342 0.49181
-16.85906 0.49247
-16.86469 0.49315
-16.87031 0.49385
-16.87591 0.49456
-16.88149 0.49529
-16.88705 0.49603
-16.89260 0.49679
-16.89813 0.49757
-16.90365 0.49835
-16.90915 0.49916
-16.91463 0.49998
-16.92009 0.50081
-16.92553 0.50166
-16.93095 0.50252
-16.93636 0.50340
-16.94175 0.50430
-16.94711 0.50520
-16.95095 0.50586
-16.95607 0.50706
-16.96118 0.50826
-16.96626 0.50948
-16.97131 0.51071
-16.97634 0.51195
-16.98135 0.51321
-16.98633 0.51448
-16.99128 0.51576
-16.99622 0.51706
-17.00112 0.51837
-17.00600 0.51969
-17.01086 0.52102
-17.01569 0.52236
-17.02050 0.52372
-17.02528 0.52509
-17.03004 0.52647
-17.03477 0.52786
-17.03948 0.52927
-17.04416 0.53068
-17.04882 0.53211
-17.04931 0.53226
-17.05365 0.53393
-17.05797 0.53562
-17.06226 0.53731
-17.06652 0.53902
-17.07075 0.54073
-17.07496 0.54245
-17.07914 0.54418
-17.08330 0.54593
-17.08743 0.54768
-17.09153 0.54944
-17.09560 0.55121
-17.09965 0.55299
-17.10368 0.55478
-17.10767 0.55657
-17.11165 0.55838
-17.11559 0.56019
-17.11951 0.56202
-17.12341 0.56385
-17.12728 0.56569
-17.12749 0.56579
-17.13099 0.56784
-17.13447 0.56990
-17.13793 0.57197
-17.14136 0.57404
-17.14477 0.57612
-17.14815 0.57821
-17.15151 0.58030
-17.15484 0.58240
-17.15815 0.58451
-17.16143 0.58662
-17.16469 0.58874
-17.16793 0.59086
-17.17115 0.59299
-17.17434 0.59513
-17.17751 0.59727
-17.18066 0.59942
-17.18378 0.60158
-17.18559 0.60284
-17.18832 0.60517
-17.19102 0.60751
-17.19370 0.60986
-17.19636 0.61221
-17.19901 0.61456
-17.20163 0.61692
-17.20423 0.61928
-17.20681 0.62165
-17.20937 0.62402
-17.21192 0.62639
-17.21444 0.62877
-17.21695 0.63115
-17.21943 0.63354
-17.22190 0.63593
-17.22435 0.63832
-17.22611 0.64005
-17.22815 0.64259
-17.23018 0.64514
-17.23219 0.64768
-17.23418 0.65023
-17.23616 0.65278
-17.23812 0.65533
-17.24007 0.65788
-17.24200 0.66044
-17.24392 0.66300
-17.24582 0.66556
-17.24771 0.66813
-17.24958 0.67070
-17.25144 0.67327
-17.25239 0.67459
-17.25385 0.67727
-17.25530 0.67995
-17.25674 0.68263
-17.25817 0.68532
-17.25958 0.68801
-17.26098 0.69069
-17.26238 0.69338
-17.26376 0.69608
-17.26513 0.69877
-17.26649 0.70146
-17.26784 0.70415
-17.26881 0.70693
-17.26976 0.70970
-17.27071 0.71248
-17.27166 0.71526
-17.27259 0.71803
-17.27352 0.72081
-17.27444 0.72359
-17.27536 0.72637
-17.27557 0.72702
-17.27605 0.72985
-17.27652 0.73269
-17.27699 0.73553
-17.27745 0.73836
-17.27792 0.74120
-17.27838 0.74404
-17.27876 0.74643
-17.27916 0.74371
-17.27983 0.74090
-17.28051 0.73809
-17.28120 0.73527
-17.28189 0.73246
-17.28195 0.73221
-17.28301 0.72946
-17.28407 0.72671
-17.28514 0.72396
-17.28622 0.72121
-17.28731 0.71846
-17.28840 0.71571
-17.28951 0.71297
-17.28968 0.71255
-17.29116 0.70989
-17.29265 0.70724
-17.29416 0.70459
-17.29567 0.70194
-17.29720 0.69929
-17.29874 0.69664
-17.30029 0.69399
-17.30185 0.69135
-17.30342 0.68871
-17.30501 0.68607
-17.30513 0.68587
-17.30709 0.68335
-17.30907 0.68084
-17.31107 0.67832
-17.31308 0.67581
-17.31510 0.67330
-17.31715 0.67079
-17.31920 0.66829
-17.32127 0.66579
-17.32336 0.66329
-17.32546 0.66080
-17.32758 0.65830
-17.32972 0.65582
-17.33141 0.65386
-17.33393 0.65152
-17.33648 0.64919
-17.33904 0.64687
-17.34162 0.64455
-17.34422 0.64223
-17.34683 0.63992
-17.34947 0.63761
-17.35213 0.63530
-17.35480 0.63301
-17.35749 0.63071
-17.36021 0.62842
-17.36294 0.62614
-17.36569 0.62385
-17.36847 0.62158
-17.37126 0.61931
-17.37193 0.61877
-17.37509 0.61668
-17.37828 0.61461
-17.38148 0.61253
-17.38471 0.61047
-17.38796 0.60841
-17.39124 0.60636
-17.39453 0.60431
-17.39785 0.60227
-17.40119 0.60024
-17.40455 0.59821
-17.40793 0.59619
-17.41134 0.59418
-17.41477 0.59218
-17.41823 0.59018
-17.42170 0.58819
-17.42521 0.58620
-17.42873 0.58423
-17.43004 0.58350
-17.43391 0.58174
-17.43780 0.58000
-17.44172 0.57826
-17.44566 0.57653
-17.44962 0.57481
-17.45361 0.57310
-17.45762 0.57140
-17.46165 0.56971
-17.46571 0.56803
-17.46980 0.56636
-17.47391 0.56469
-17.47804 0.56304
-17.48219 0.56139
-17.48637 0.55976
-17.49058 0.55814
-17.49481 0.55652
-17.49906 0.55492
-17.50334 0.55332
-17.50764 0.55174
-17.50821 0.55153
-17.51280 0.55020
-17.51741 0.54888
-17.52204 0.54757
-17.52669 0.54627
-17.53137 0.54499
-17.53607 0.54371
-17.54079 0.54245
-17.54553 0.54121
-17.55030 0.53997
-17.55509 0.53874
-17.55989 0.53753
-17.56472 0.53633
-17.56958 0.53515
-17.57445 0.53397
-17.57934 0.53281
-17.58426 0.53166
-17.58919 0.53053
-17.59415 0.52940
-17.59913 0.52830
-17.60413 0.52720
-17.60657 0.52667
-17.61178 0.52586
-17.61700 0.52506
-17.62223 0.52427
-17.62749 0.52350
-17.63275 0.52275
-17.63804 0.52201
-17.64333 0.52128
-17.64864 0.52057
-17.65397 0.51987
-17.65931 0.51919
-17.66467 0.51853
-17.67003 0.51787
-17.67542 0.51724
-17.68081 0.51661
-17.68622 0.51601
-17.69164 0.51541
-17.69707 0.51484
-17.70251 0.51428
-17.70797 0.51373
-17.71344 0.51320
-17.71892 0.51268
-17.72113 0.51248
-17.72669 0.51226
-17.73226 0.51206
-17.73783 0.51188
-17.74340 0.51171
-17.74898 0.51156
-17.75455 0.51142
-17.76014 0.51130
-17.76572 0.51119
-17.77131 0.51110
-17.77690 0.51103
-17.78249 0.51097
-17.78808 0.51093
-17.79367 0.51091
-17.79926 0.51090
-17.80486 0.51090
-17.81045 0.51093
-17.81604 0.51096
-17.82163 0.51102
-17.82722 0.51109
-17.83281 0.51118
-17.83839 0.51128
-17.84319 0.51138
-17.84872 0.51179
-17.85424 0.51221
-17.85974 0.51266
-17.86524 0.51311
-17.87073 0.51359
-17.87621 0.51407
-17.88168 0.51458
-17.88714 0.51510
-17.89258 0.51563
-17.89802 0.51618
-17.90344 0.51674
-17.90885 0.51732
-17.91425 0.51792
-17.91964 0.51853
-17.92501 0.51915
-17.93037 0.51979
-17.93572 0.52045
-17.94105 0.52112
-17.94637 0.52180
-17.95168 0.52250
-17.95697 0.52321
-17.96142 0.52383
-17.96652 0.52483
-17.97160 0.52585
-17.97666 0.52689
-17.98170 0.52793
-17.98672 0.52899
-17.99172 0.53007
-17.99670 0.53115
-18.00166 0.53225
-18.00660 0.53337
-18.01151 0.53449
-18.01641 0.53563
-18.02129 0.53678
-18.02614 0.53795
-18.03098 0.53912
-18.03579 0.54031
-18.04058 0.54151
-18.04535 0.54273
-18.05010 0.54395
-18.05483 0.54519
-18.05954 0.54644
-18.06422 0.54771
-18.06586 0.54815
-18.07027 0.54968
-18.07465 0.55121
-18.07901 0.55275
-18.08334 0.55431
-18.08764 0.55587
-18.09193 0.55744
-18.09619 0.55903
-18.10042 0.56062
-18.10463 0.56223
-18.10882 0.56384
-18.11298 0.56547
-18.11712 0.56710
-18.12123 0.56875
-18.12533 0.57040
-18.12939 0.57206
-18.13344 0.57373
-18.13746 0.57542
-18.14145 0.57711
-18.14543 0.57881
-18.14938 0.58052
-18.15093 0.58119
-18.15454 0.58313
-18.15812 0.58507
-18.16168 0.58702
-18.16522 0.58898
-18.16874 0.59095
-18.17223 0.59292
-18.17570 0.59490
-18.17914 0.59689
-18.18256 0.59888
-18.18596 0.60088
-18.18934 0.60289
-18.19270 0.60490
-18.19603 0.60693
-18.19934 0.60895
-18.20263 0.61099
-18.20589 0.61303
-18.20914 0.61508
-18.21236 0.61713
-18.21552 0.61917
-18.21837 0.62142
-18.22118 0.62367
-18.22398 0.62593
-18.22676 0.62820
-18.22952 0.63047
-18.23226 0.63274
-18.23498 0.63502
-18.23768 0.63730
-18.24036 0.63959
-18.24303 0.64188
-18.24567 0.64418
-18.24829 0.64648
-18.25090 0.64878
-18.25349 0.65109
-18.25605 0.65341
-18.25860 0.65573
-18.26114 0.65805
-18.26155 0.65843
-18.26371 0.66091
-18.26585 0.66339
-18.26797 0.66588
-18.27008 0.66836
-18.27217 0.67085
-18.27425 0.67334
-18.27631 0.67584
-18.27836 0.67834
-18.28039 0.68084
-18.28241 0.68334
-18.28441 0.68585
-18.28640 0.68836
-18.28837 0.69087
-18.29033 0.69339
-18.29220 0.69580
-18.29377 0.69844
-18.29533 0.70108
-18.29687 0.70373
-18.29841 0.70637
-18.29993 0.70902
-18.30145 0.71166
-18.30295 0.71431
-18.30444 0.71696
-18.30592 0.71961
-18.30739 0.72227
-18.30884 0.72492
-18.31029 0.72758
-18.31089 0.72869
-18.31197 0.73144
-18.31303 0.73419
-18.31409 0.73694
-18.31514 0.73969
-18.31618 0.74244
-18.31721 0.74519
-18.31824 0.74794
-18.31926 0.75070
-18.32027 0.75345
-18.32087 0.75510
-18.32152 0.75791
-18.32216 0.76073
-18.32279 0.76354
-18.32343 0.76636
-18.32405 0.76917
-18.32468 0.77199
-18.32502 0.77355
-18.32530 0.77640
-18.32557 0.77925
-18.32585 0.78210
-18.32594 0.78311
-18.32607 0.78331
-18.32660 0.78048
-18.32713 0.77765
-18.32767 0.77483
-18.32780 0.77416
-18.32867 0.77138
-18.32955 0.76861
-18.33044 0.76583
-18.33134 0.76306
-18.33224 0.76029
-18.33314 0.75751
-18.33359 0.75617
-18.33485 0.75348
-18.33613 0.75079
-18.33741 0.74810
-18.33870 0.74541
-18.34001 0.74272
-18.34132 0.74004
-18.34264 0.73735
-18.34397 0.73467
-18.34531 0.73198
-18.34613 0.73036
-18.34784 0.72779
-18.34956 0.72522
-18.35129 0.72266
-18.35303 0.72009
-18.35479 0.71753
-18.35656 0.71497
-18.35834 0.71241
-18.36014 0.70985
-18.36195 0.70730
-18.36377 0.70475
-18.36560 0.70220
-18.36745 0.69965
-18.36844 0.69830
-18.37065 0.69589
-18.37288 0.69349
-18.37513 0.69110
-18.37739 0.68870
-18.37967 0.68631
-18.38196 0.68393
-18.38427 0.68154
-18.38659 0.67916
-18.38894 0.67679
-18.39129 0.67442
-18.39367 0.67205
-18.39606 0.66969
-18.39847 0.66733
-18.40089 0.66497
-18.40334 0.66262
-18.40382 0.66215
-18.40662 0.65997
-18.40944 0.65780
-18.41228 0.65563
-18.41513 0.65347
-18.41800 0.65131
-18.42089 0.64916
-18.42381 0.64702
-18.42674 0.64488
-18.42969 0.64274
-18.43266 0.64061
-18.43565 0.63849
-18.43866 0.63637
-18.44169 0.63426
-18.44474 0.63216
-18.44781 0.63006
-18.45090 0.62796
-18.45401 0.62588
-18.45572 0.62473
-18.45918 0.62286
-18.46265 0.62099
-18.46615 0.61913
-18.46966 0.61727
-18.47320 0.61543
-18.47676 0.61359
-18.48034 0.61176
-18.48394 0.60993
-18.48757 0.60812
-18.49121 0.60631
-18.49488 0.60451
-18.49857 0.60272
-18.50228 0.60094
-18.50601 0.59917
-18.50976 0.59740
-18.51354 0.59564
-18.51734 0.59390
-18.52116 0.59216
-18.52501 0.59042
-18.52704 0.58951
-18.53119 0.58803
-18.53535 0.58655
-18.53954 0.58509
-18.54375 0.58363
-18.54797 0.58218
-18.55222 0.58075
-18.55649 0.57933
-18.56078 0.57791
-18.56510 0.57651
-18.56943 0.57512
-18.57378 0.57374
-18.57816 0.57237
-18.58255 0.57101
-18.58697 0.56966
-18.59141 0.56832
-18.59587 0.56699
-18.60035 0.56568
-18.60485 0.56438
-18.60937 0.56309
-18.61391 0.56181
-18.61847 0.56054
-18.61888 0.56042
-18.62367 0.55942
-18.62846 0.55844
-18.63328 0.55747
-18.63811 0.55651
-18.64296 0.55556
-18.64782 0.55462
-18.65270 0.55370
-18.65760 0.55280
-18.66251 0.55190
-18.66744 0.55102
-18.67239 0.55015
-18.67735 0.54930
-18.68232 0.54846
-18.68731 0.54763
-18.69232 0.54682
-18.69734 0.54602
-18.70237 0.54524
-18.70742 0.54446
-18.71248 0.54371
-18.71756 0.54296
-18.72265 0.54223
-18.72776 0.54152
-18.72879 0.54137
-18.73402 0.54095
-18.73924 0.54054
-18.74448 0.54015
-18.74973 0.53977
-18.75498 0.53940
-18.76024 0.53905
-18.76550 0.53872
-18.77077 0.53839
-18.77605 0.53809
-18.78133 0.53780
-18.78662 0.53752
-18.79192 0.53726
-18.79722 0.53702
-18.80252 0.53679
-18.80783 0.53657
-18.81314 0.53637
-18.81846 0.53619
-18.82378 0.53602
-18.82910 0.53587
-18.83443 0.53573
-18.83976 0.53560
-18.84509 0.53549
-18.84956 0.53541
-18.85488 0.53561
-18.86020 0.53583
-18.86551 0.53606
-18.87082 0.53630
-18.87612 0.53656
-18.88142 0.53683
-18.88672 0.53712
-18.89200 0.53743
-18.89729 0.53775
-18.90256 0.53808
-18.90783 0.53843
-18.91309 0.53880
-18.91834 0.53917
-18.92359 0.53957
-18.92883 0.53998
-18.93406 0.54040
-18.93928 0.54084
-18.94450 0.54129
-18.94970 0.54176
-18.95490 0.54224
-18.96008 0.54274
-18.96526 0.54325
-18.97032 0.54377
-18.97535 0.54458
-18.98037 0.54540
-18.98537 0.54624
-18.99036 0.54710
-18.99534 0.54796
-19.00029 0.54884
-19.00523 0.54974
-19.01016 0.55064
-19.01507 0.55156
-19.01996 0.55250
-19.02483 0.55344
-19.02969 0.55440
-19.03453 0.55538
-19.03936 0.55636
-19.04416 0.55736
-19.04895 0.55837
-19.05373 0.55940
-19.05848 0.56043
-19.06322 0.56148
-19.06794 0.56255
-19.07264 0.56362
-19.07732 0.56471
-19.08023 0.56539
-19.08467 0.56675
-19.08909 0.56812
-19.09348 0.56950
-19.09786 0.57089
-19.10221 0.57229
-19.10655 0.57371
-19.11086 0.57513
-19.11515 0.57657
-19.11942 0.57801
-19.12367 0.57947
-19.12789 0.58093
-19.13210 0.58241
-19.13628 0.58390
-19.14044 0.58540
-19.14458 0.58690
-19.14870 0.58842
-19.15280 0.58995
-19.15688 0.59148
-19.16094 0.59303
-19.16497 0.59459
-19.16898 0.59615
-19.17207 0.59737
-19.17577 0.59918
-19.17944 0.60099
-19.18310 0.60282
-19.18673 0.60465
-19.19034 0.60649
-19.19393 0.60833
-19.19750 0.61019
-19.20104 0.61205
-19.20456 0.61392
-19.20806 0.61580
-19.21155 0.61769
-19.21500 0.61958
-19.21844 0.62148
-19.22186 0.62339
-19.22526 0.62530
-19.22863 0.62723
-19.23199 0.62916
-19.23532 0.63109
-19.23863 0.63303
-19.24193 0.63499
-19.24339 0.63586
-19.24634 0.63801
-19.24926 0.64017
-19.25217 0.64233
-19.25506 0.64450
-19.25793 0.64668
-19.26078 0.64886
-19.26361 0.65104
-19.26643 0.65323
-19.26922 0.65543
-19.27199 0.65763
-19.27475 0.65984
-19.27749 0.66205
-19.28021 0.66426
-19.28291 0.66649
-19.28559 0.66871
-19.28826 0.67094
-19.29091 0.67318
-19.29354 0.67542
-19.29529 0.67692
-19.29755 0.67933
-19.29980 0.68174
-19.30204 0.68415
-19.30426 0.68657
-19.30646 0.68900
-19.30865 0.69142
-19.31082 0.69385
-19.31298 0.69628
-19.31512 0.69872
-19.31724 0.70116
-19.31936 0.70360
-19.32145 0.70604
-19.32354 0.70849
-19.32561 0.71094
-19.32766 0.71340
-19.32970 0.71585
-19.33067 0.71703
-19.33235 0.71962
-19.33402 0.72222
-19.33567 0.72481
-19.33731 0.72741
-19.33894 0.73001
-19.34056 0.73261
-19.34216 0.73521
-19.34376 0.73781
-19.34534 0.74042
-19.34692 0.74303
-19.34848 0.74564
-19.35003 0.74825
-19.35157 0.75086
-19.35298 0.75327
-19.35416 0.75599
-19.35532 0.75871
-19.35648 0.76142
-19.35763 0.76414
-19.35878 0.76686
-19.35991 0.76958
-19.36104 0.77231
-19.36216 0.77503
-19.36327 0.77775
-19.36437 0.78048
-19.36547 0.78320
-19.36553 0.78334
-19.36627 0.78614
-19.36702 0.78894
-19.36775 0.79173
-19.36849 0.79453
-19.36921 0.79733
-19.36994 0.80013
-19.37065 0.80292
-19.37131 0.80552
-19.37169 0.80836
-19.37207 0.81120
-19.37244 0.81405
-19.37281 0.81689
-19.37304 0.81864
-19.37315 0.82150
-19.37317 0.82206
-19.37357 0.81922
-19.37398 0.81638
-19.37409 0.81562
-19.37481 0.81282
-19.37553 0.81002
-19.37626 0.80723
-19.37699 0.80443
-19.37772 0.80164
-19.37824 0.79968
-19.37932 0.79696
-19.38040 0.79423
-19.38149 0.79151
-19.38259 0.78879
-19.38369 0.78607
-19.38481 0.78335
-19.38593 0.78063
-19.38706 0.77791
-19.38819 0.77519
-19.38822 0.77514
-19.38970 0.77252
-19.39119 0.76990
-19.39269 0.76729
-19.39420 0.76468
-19.39572 0.76207
-19.39725 0.75946
-19.39879 0.75685
-19.40034 0.75424
-19.40190 0.75164
-19.40348 0.74904
-19.40506 0.74644
-19.40666 0.74384
-19.40691 0.74343
-19.40886 0.74096
-19.41081 0.73850
-19.41278 0.73603
-19.41476 0.73358
-19.41675 0.73112
-19.41876 0.72867
-19.42078 0.72622
-19.42282 0.72377
-19.42487 0.72133
-19.42693 0.71889
-19.42900 0.71645
-19.43110 0.71401
-19.43320 0.71158
-19.43532 0.70915
-19.43745 0.70673
-19.43756 0.70661
-19.44003 0.70435
-19.44252 0.70209
-19.44503 0.69984
-19.44755 0.69759
-19.45009 0.69535
-19.45264 0.69311
-19.45521 0.69087
-19.45780 0.68864
-19.46041 0.68641
-19.46303 0.68419
-19.46567 0.68198
-19.46832 0.67976
-19.47100 0.67756
-19.47369 0.67535
-19.47640 0.67316
-19.47912 0.67096
-19.48187 0.66878
-19.48359 0.66742
-19.48667 0.66543
-19.48976 0.66345
-19.49288 0.66147
-19.49601 0.65950
-19.49917 0.65754
-19.50234 0.65559
-19.50553 0.65364
-19.50874 0.65169
-19.51197 0.64976
-19.51522 0.64783
-19.51849 0.64591
-19.52178 0.64399
-19.52508 0.64208
-19.52841 0.64018
-19.53176 0.63829
-19.53512 0.63640
-19.53851 0.63452
-19.54192 0.63265
-19.54534 0.63079
-19.54818 0.62926
-19.55192 0.62763
-19.55567 0.62601
-19.55945 0.62439
-19.56324 0.62279
-19.56705 0.62120
-19.57088 0.61961
-19.57474 0.61804
-19.57861 0.61647
-19.58250 0.61492
-19.58641 0.61337
-19.59034 0.61183
-19.59429 0.61030
-19.59826 0.60878
-19.60225 0.60727
-19.60626 0.60577
-19.61029 0.60428
-19.61434 0.60280
-19.61841 0.60133
-19.62250 0.59987
-19.62660 0.59842
-19.63073 0.59698
-19.63325 0.59611
-19.63762 0.59494
-19.64201 0.59378
-19.64642 0.59263
-19.65084 0.59149
-19.65529 0.59036
-19.65974 0.58924
-19.66422 0.58814
-19.66871 0.58704
-19.67322 0.58596
-19.67775 0.58489
-19.68229 0.58384
-19.68685 0.58279
-19.69142 0.58176
-19.69602 0.58074
-19.70062 0.57973
-19.70525 0.57873
-19.70989 0.57775
-19.71454 0.57678
-19.71921 0.57582
-19.72390 0.57487
-19.72860 0.57394
-19.73331 0.57302
-19.73769 0.57218
-19.74257 0.57155
-19.74745 0.57094
-19.75235 0.57034
-19.75725 0.56976
-19.76217 0.56918
-19.76710 0.56863
-19.77203 0.56808
-19.77698 0.56755
-19.78193 0.56704
-19.78689 0.56653
-19.79186 0.56605
-19.79684 0.56557
-19.80183 0.56511
-19.80683 0.56467
-19.81183 0.56423
-19.81684 0.56382
-19.82186 0.56341
-19.82688 0.56302
-19.83192 0.56265
-19.83696 0.56229
-19.84200 0.56194
-19.84705 0.56161
-19.85211 0.56129
-19.85592 0.56106
-19.86101 0.56105
-19.86611 0.56105
-19.87120 0.56106
-19.87629 0.56109
-19.88138 0.56114
-19.88647 0.56120
-19.89156 0.56127
-19.89665 0.56136
-19.90173 0.56146
-19.90682 0.56158
-19.91190 0.56171
-19.91698 0.56186
-19.92206 0.56202
-19.92713 0.56219
-19.93220 0.56238
-19.93727 0.56259
-19.94233 0.56280
-19.94739 0.56304
-19.95244 0.56328
-19.95749 0.56355
-19.96254 0.56382
-19.96758 0.56411
-19.97261 0.56442
-19.97764 0.56474
-19.97798 0.56476
-19.98292 0.56537
-19.98785 0.56599
-19.99277 0.56663
-19.99767 0.56728
-20.00257 0.56795
-20.00745 0.56862
-20.01233 0.56932
-20.01719 0.57002
-20.02203 0.57074
-20.02687 0.57147
-20.03169 0.57222
-20.03650 0.57298
-20.04130 0.57375
-20.04609 0.57453
-20.05086 0.57533
-20.05562 0.57614
-20.06036 0.57697
-20.06509 0.57780
-20.06981 0.57865
-20.07451 0.57952
-20.07920 0.58039
-20.08388 0.58128
-20.08854 0.58218
-20.09254 0.58297
-20.09700 0.58415
-20.10143 0.58535
-20.10585 0.58656
-20.11025 0.58777
-20.11464 0.58900
-20.11900 0.59025
-20.12335 0.59150
-20.12768 0.59276
-20.13199 0.59404
-20.13628 0.59532
-20.14055 0.59662
-20.14480 0.59793
-20.14904 0.59924
-20.15325 0.60057
-20.15745 0.60191
-20.16163 0.60326
-20.16579 0.60462
-20.16993 0.60599
-20.17405 0.60737
-20.17816 0.60877
-20.18224 0.61017
-20.18631 0.61158
-20.19036 0.61300
-20.19090 0.61319
-20.19468 0.61486
-20.19844 0.61654
-20.20218 0.61822
-20.20589 0.61992
-20.20959 0.62162
-20.21327 0.62333
-20.21692 0.62505
-20.22056 0.62677
-20.22418 0.62851
-20.22777 0.63025
-20.23135 0.63201
-20.23491 0.63376
-20.23844 0.63553
-20.24196 0.63731
-20.24546 0.63909
-20.24893 0.64088
-20.25239 0.64268
-20.25583 0.64449
-20.25925 0.64630
-20.26265 0.64812
-20.26604 0.64995
-20.26908 0.65161
-20.27213 0.65366
-20.27517 0.65572
-20.27818 0.65777
-20.28118 0.65984
-20.28416 0.66191
-20.28712 0.66399
-20.29006 0.66607
-20.29298 0.66816
-20.29588 0.67025
-20.29877 0.67235
-20.30164 0.67446
-20.30449 0.67657
-20.30732 0.67869
-20.31014 0.68081
-20.31293 0.68293
-20.31571 0.68507
-20.31848 0.68720
-20.32122 0.68935
-20.32395 0.69150
-20.32666 0.69365
-20.32718 0.69406
-20.32956 0.69640
-20.33192 0.69873
-20.33426 0.70107
-20.33659 0.70341
-20.33891 0.70576
-20.34120 0.70811
-20.34349 0.71046
-20.34575 0.71282
-20.34801 0.71518
-20.35024 0.71755
-20.35247 0.71992
-20.35468 0.72229
-20.35687 0.72466
-20.35905 0.72704
-20.36121 0.72943
-20.36337 0.73181
-20.36550 0.73420
-20.36763 0.73659
-20.36770 0.73668
-20.36948 0.73922
-20.37126 0.74175
-20.37301 0.74429
-20.37476 0.74684
-20.37650 0.74938
-20.37822 0.75193
-20.37993 0.75448
-20.38163 0.75703
-20.38332 0.75959
-20.38500 0.76214
-20.38666 0.76470
-20.38832 0.76726
-20.38996 0.76982
-20.39159 0.77239
-20.39322 0.77496
-20.39399 0.77618
-20.39526 0.77886
-20.39653 0.78154
-20.39779 0.78422
-20.39904 0.78690
-20.40029 0.78959
-20.40152 0.79227
-20.40275 0.79496
-20.40397 0.79765
-20.40518 0.80034
-20.40638 0.80302
-20.40757 0.80572
-20.40876 0.80841
-20.40943 0.80995
-20.41028 0.81272
-20.41112 0.81550
-20.41196 0.81827
-20.41279 0.82104
-20.41361 0.82382
-20.41443 0.82660
-20.41525 0.82937
-20.41605 0.83215
-20.41686 0.83493
-20.41716 0.83599
-20.41764 0.83882
-20.41811 0.84165
-20.41858 0.84448
-20.41905 0.84731
-20.41951 0.85014
-20.41996 0.85290
-20.42012 0.85575
-20.42028 0.85860
-20.42035 0.85981
-20.42068 0.85697
-20.42075 0.85642
-20.42132 0.85360
-20.42190 0.85079
-20.42248 0.84797
-20.42307 0.84516
-20.42354 0.84291
-20.42445 0.84015
-20.42536 0.83740
-20.42628 0.83465
-20.42720 0.83190
-20.42814 0.82915
-20.42907 0.82640
-20.43002 0.82365
-20.43097 0.82090
-20.43127 0.82002
-20.43255 0.81736
-20.43383 0.81471
-20.43513 0.81205
-20.43643 0.80940
-20.43774 0.80674
-20.43906 0.80409
-20.44039 0.80144
-20.44173 0.79879
-20.44308 0.79614
-20.44443 0.79350
-20.44580 0.79085
-20.44672 0.78908
-20.44842 0.78656
-20.45013 0.78404
-20.45185 0.78152
-20.45358 0.77900
-20.45533 0.77649
-20.45708 0.77397
-20.45885 0.77146
-20.46063 0.76896
-20.46242 0.76645
-20.46422 0.76395
-20.46603 0.76145
-20.46786 0.75895
-20.46970 0.75646
-20.47155 0.75396
-20.47300 0.75202
-20.47519 0.74968
-20.47739 0.74734
-20.47960 0.74501
-20.48183 0.74268
-20.48407 0.74036
-20.48633 0.73804
-20.48860 0.73572
-20.49088 0.73341
-20.49318 0.73110
-20.49549 0.72880
-20.49782 0.72649
-20.50016 0.72420
-20.50252 0.72190
-20.50489 0.71962
-20.50728 0.71733
-20.50968 0.71505
-20.51210 0.71277
-20.51352 0.71144
-20.51626 0.70935
-20.51902 0.70727
-20.52180 0.70519
-20.52459 0.70312
-20.52740 0.70105
-20.53022 0.69898
-20.53306 0.69693
-20.53592 0.69488
-20.53880 0.69283
-20.54169 0.69079
-20.54460 0.68876
-20.54753 0.68673
-20.55047 0.68471
-20.55343 0.68269
-20.55641 0.68068
-20.55941 0.67868
-20.56242 0.67668
-20.56545 0.67469
-20.56850 0.67270
-20.57157 0.67072
-20.57163 0.67069
-20.57499 0.66893
-20.57836 0.66717
-20.58176 0.66543
-20.58517 0.66369
-20.58860 0.66196
-20.59205 0.66024
-20.59551 0.65852
-20.59900 0.65682
-20.60250 0.65512
-20.60602 0.65343
-20.60956 0.65174
-20.61312 0.65007
-20.61669 0.64840
-20.62028 0.64675
-20.62390 0.64510
-20.62753 0.64346
-20.63118 0.64182
-20.63484 0.64020
-20.63853 0.63858
-20.64223 0.63698
-20.64596 0.63538
-20.64970 0.63379
-20.64980 0.63375
-20.65379 0.63241
-20.65779 0.63108
-20.66181 0.62976
-20.66585 0.62845
-20.66990 0.62716
-20.67397 0.62587
-20.67806 0.62459
-20.68216 0.62332
-20.68629 0.62207
-20.69042 0.62082
-20.69458 0.61959
-20.69875 0.61836
-20.70293 0.61715
-20.70714 0.61594
-20.71136 0.61475
-20.71559 0.61357
-20.71985 0.61240
-20.72411 0.61124
-20.72840 0.61009
-20.73270 0.60896
-20.73702 0.60783
-20.74135 0.60672
-20.74570 0.60562
-20.74816 0.60500
-20.75269 0.60418
-20.75723 0.60337
-20.76178 0.60258
-20.76634 0.60179
-20.77092 0.60102
-20.77550 0.60026
-20.78010 0.59952
-20.78471 0.59879
-20.78933 0.59807
-20.79396 0.59736
-20.79861 0.59667
-20.80326 0.59598
-20.80792 0.59532
-20.81260 0.59466
-20.81728 0.59402
-20.82198 0.59339
-20.82668 0.59277
-20.83139 0.59217
-20.83612 0.59158
-20.84085 0.59100
-20.84559 0.59044
-20.85034 0.58989
-20.85510 0.58935
-20.85987 0.58883
-20.86272 0.58852
-20.86756 0.58830
-20.87241 0.58809
-20.87726 0.58789
-20.88211 0.58771
-20.88696 0.58754
-20.89182 0.58738
-20.89668 0.58724
-20.90154 0.58711
-20.90640 0.58700
-20.91126 0.58690
-20.91613 0.58681
-20.92100 0.58674
-20.92587 0.58668
-20.93074 0.58664
-20.93561 0.58661
-20.94048 0.58659
-20.94535 0.58659
-20.95022 0.58660
-20.95509 0.58663
-20.95996 0.58667
-20.96483 0.58672
-20.96970 0.58679
-20.97456 0.58687
-20.97943 0.58696
-20.98429 0.58707
-20.98478 0.58708
-20.98960 0.58749
-20.99441 0.58790
-20.99921 0.58833
-21.00401 0.58877
-21.00880 0.58923
-21.01358 0.58970
-21.01835 0.59018
-21.02312 0.59068
-21.02787 0.59119
-21.03262 0.59172
-21.03736 0.59225
-21.04209 0.59280
-21.04682 0.59337
-21.05153 0.59394
-21.05623 0.59453
-21.06093 0.59514
-21.06562 0.59575
-21.07029 0.59638
-21.07496 0.59702
-21.07961 0.59768
-21.08426 0.59835
-21.08889 0.59903
-21.09352 0.59972
-21.09813 0.60043
-21.10273 0.60115
-21.10301 0.60119
-21.10746 0.60219
-21.11189 0.60320
-21.11631 0.60423
-21.12072 0.60526
-21.12511 0.60631
-21.12948 0.60736
-21.13384 0.60843
-21.13818 0.60951
-21.14251 0.61061
-21.14682 0.61171
-21.15112 0.61283
-21.15540 0.61395
-21.15966 0.61509
-21.16391 0.61624
-21.16814 0.61740
-21.17236 0.61857
-21.17656 0.61975
-21.18075 0.62094
-21.18492 0.62215
-21.18907 0.62336
-21.19321 0.62459
-21.19733 0.62582
-21.20143 0.62707
-21.20552 0.62833
-21.20746 0.62893
-21.21130 0.63044
-21.21513 0.63197
-21.21894 0.63350
-21.22273 0.63505
-21.22650 0.63660
-21.23026 0.63816
-21.23399 0.63973
-21.23771 0.64131
-21.24141 0.64290
-21.24509 0.64450
-21.24875 0.64610
-21.25240 0.64772
-21.25602 0.64934
-21.25963 0.65097
-21.26322 0.65261
-21.26679 0.65426
-21.27034 0.65592
-21.27388 0.65758
-21.27740 0.65925
-21.28090 0.66094
-21.28438 0.66262
-21.28784 0.66432
-21.29129 0.66603
-21.29252 0.66664
-21.29567 0.66857
-21.29881 0.67051
-21.30193 0.67245
-21.30503 0.67440
-21.30811 0.67636
-21.31118 0.67832
-21.31423 0.68029
-21.31726 0.68226
-21.32027 0.68425
-21.32326 0.68623
-21.32624 0.68823
-21.32920 0.69023
-21.33214 0.69223
-21.33507 0.69425
-21.33798 0.69626
-21.34087 0.69829
-21.34375 0.70032
-21.34661 0.70235
-21.34945 0.70439
-21.35227 0.70644
-21.35508 0.70849
-21.35712 0.70999
-21.35960 0.71224
-21.36207 0.71448
-21.36453 0.71674
-21.36697 0.71900
-21.36939 0.72126
-21.37180 0.72352
-21.37419 0.72580
-21.37657 0.72807
-21.37893 0.73035
-21.38128 0.73263
-21.38362 0.73492
-21.38594 0.73721
-21.38824 0.73950
-21.39053 0.74180
-21.39281 0.74411
-21.39507 0.74641
-21.39732 0.74872
-21.39956 0.75104
-21.40178 0.75335
-21.40315 0.75479
-21.40504 0.75727
-21.40691 0.75974
-21.40878 0.76222
-21.41063 0.76471
-21.41247 0.76719
-21.41430 0.76968
-21.41612 0.77217
-21.41792 0.77466
-21.41971 0.77716
-21.42150 0.77965
-21.42327 0.78215
-21.42503 0.78466
-21.42677 0.78716
-21.42851 0.78967
-21.43024 0.79218
-21.43195 0.79469
-21.43366 0.79721
-21.43379 0.79740
-21.43517 0.80004
-21.43654 0.80267
-21.43790 0.80531
-21.43925 0.80796
-21.44059 0.81060
-21.44193 0.81324
-21.44325 0.81589
-21.44457 0.81853
-21.44588 0.82118
-21.44718 0.82383
-21.44847 0.82648
-21.44975 0.82913
-21.45103 0.83179
-21.45229 0.83444
-21.45249 0.83485
-21.45343 0.83760
-21.45437 0.84034
-21.45530 0.84309
-21.45623 0.84584
-21.45715 0.84859
-21.45806 0.85134
-21.45897 0.85409
-21.45987 0.85684
-21.46077 0.85959
-21.46166 0.86234
-21.46246 0.86485
-21.46303 0.86766
-21.46360 0.87048
-21.46416 0.87329
-21.46472 0.87611
-21.46528 0.87892
-21.46583 0.88174
-21.46638 0.88455
-21.46661 0.88573
-21.46686 0.88858
-21.46711 0.89143
-21.46735 0.89428
-21.46753 0.89642
-21.46767 0.89639
-21.46812 0.89356
-21.46857 0.89073
-21.46903 0.88790
-21.46939 0.88567
-21.47015 0.88289
-21.47091 0.88011
-21.47167 0.87734
-21.47244 0.87456
-21.47322 0.87179
-21.47400 0.86901
-21.47478 0.86624
-21.47518 0.86485
-21.47628 0.86215
-21.47738 0.85946
-21.47849 0.85677
-21.47961 0.85408
-21.48074 0.85138
-21.48187 0.84869
-21.48301 0.84601
-21.48416 0.84332
-21.48532 0.84063
-21.48648 0.83795
-21.48765 0.83526
-21.48772 0.83510
-21.48921 0.83252
-21.49070 0.82995
-21.49221 0.82738
-21.49372 0.82481
-21.49524 0.82224
-21.49678 0.81967
-21.49832 0.81711
-21.49987 0.81455
-21.50143 0.81199
-21.50300 0.80943
-21.50458 0.80688
-21.50617 0.80432
-21.50777 0.80177
-21.50939 0.79922
-21.51003 0.79821
-21.51196 0.79580
-21.51390 0.79340
-21.51585 0.79099
-21.51782 0.78859
-21.51980 0.78620
-21.52179 0.78381
-21.52379 0.78142
-21.52580 0.77903
-21.52783 0.77665
-21.52986 0.77427
-21.53191 0.77189
-21.53398 0.76952
-21.53605 0.76715
-21.53814 0.76478
-21.54025 0.76241
-21.54236 0.76005
-21.54449 0.75770
-21.54542 0.75667
-21.54786 0.75449
-21.55031 0.75231
-21.55278 0.75014
-21.55527 0.74797
-21.55776 0.74581
-21.56028 0.74365
-21.56280 0.74150
-21.56535 0.73935
-21.56790 0.73720
-21.57047 0.73506
-21.57306 0.73293
-21.57566 0.73080
-21.57828 0.72867
-21.58091 0.72655
-21.58356 0.72444
-21.58622 0.72233
-21.58890 0.72022
-21.59160 0.71812
-21.59431 0.71603
-21.59703 0.71394
-21.59732 0.71372
-21.60033 0.71184
-21.60336 0.70996
-21.60641 0.70809
-21.60948 0.70623
-21.61256 0.70438
-21.61565 0.70253
-21.61877 0.70068
-21.62189 0.69885
-21.62504 0.69702
-21.62820 0.69520
-21.63138 0.69338
-21.63458 0.69158
-21.63779 0.68978
-21.64102 0.68798
-21.64426 0.68620
-21.64752 0.68442
-21.65080 0.68265
-21.65410 0.68088
-21.65741 0.67912
-21.66074 0.67738
-21.66409 0.67563
-21.66746 0.67390
-21.66863 0.67330
-21.67226 0.67180
-21.67590 0.67032
-21.67955 0.66885
-21.68322 0.66738
-21.68691 0.66592
-21.69061 0.66448
-21.69433 0.66304
-21.69807 0.66161
-21.70182 0.66019
-21.70558 0.65878
-21.70937 0.65738
-21.71317 0.65598
-21.71698 0.65460
-21.72082 0.65323
-21.72466 0.65187
-21.72853 0.65051
-21.73241 0.64917
-21.73630 0.64783
-21.74022 0.64651
-21.74414 0.64520
-21.74809 0.64389
-21.75205 0.64260
-21.75602 0.64131
-21.76002 0.64004
-21.76048 0.63989
-21.76466 0.63889
-21.76886 0.63789
-21.77306 0.63691
-21.77729 0.63594
-21.78152 0.63498
-21.78577 0.63403
-21.79003 0.63309
-21.79430 0.63217
-21.79859 0.63125
-21.80288 0.63035
-21.80719 0.62946
-21.81151 0.62858
-21.81585 0.62771
-21.82019 0.62686
-21.82455 0.62601
-21.82892 0.62518
-21.83330 0.62436
-21.83769 0.62355
-21.84210 0.62276
-21.84651 0.62197
-21.85094 0.62120
-21.85537 0.62044
-21.85982 0.61969
-21.86428 0.61896
-21.86875 0.61824
-21.87039 0.61797
-21.87496 0.61754
-21.87954 0.61712
-21.88412 0.61672
-21.88871 0.61633
-21.89331 0.61595
-21.89791 0.61558
-21.90252 0.61523
-21.90713 0.61489
-21.91174 0.61456
-21.91637 0.61424
-21.92099 0.61394
-21.92562 0.61365
-21.93026 0.61338
-21.93490 0.61312
-21.93954 0.61287
-21.94419 0.61263
-21.94884 0.61241
-21.95349 0.61220
-21.95815 0.61201
-21.96281 0.61183
-21.96747 0.61166
-21.97214 0.61150
-21.97680 0.61136
-21.98147 0.61123
-21.98614 0.61111
-21.99082 0.61101
-21.99115 0.61100
-21.99581 0.61120
-22.00048 0.61140
-22.00513 0.61162
-22.00979 0.61185
-22.01444 0.61209
-22.01909 0.61235
-22.02373 0.61262
-22.02837 0.61291
-22.03301 0.61321
-22.03764 0.61352
-22.04226 0.61384
-22.04688 0.61418
-22.05150 0.61453
-22.05611 0.61489
-22.06071 0.61527
-22.06531 0.61566
-22.06991 0.61606
-22.07449 0.61647
-22.07907 0.61690
-22.08365 0.61734
-22.08822 0.61780
-22.09278 0.61826
-22.09733 0.61874
-22.10188 0.61923
-22.10642 0.61974
-22.11095 0.62026
-22.11191 0.62037
-22.11633 0.62117
-22.12073 0.62199
-22.12513 0.62282
-22.12951 0.62366
-22.13388 0.62451
-22.13823 0.62538
-22.14258 0.62626
-22.14691 0.62715
-22.15123 0.62805
-22.15554 0.62896
-22.15984 0.62988
-22.16412 0.63082
-22.16839 0.63176
-22.17265 0.63272
-22.17689 0.63369
-22.18112 0.63467
-22.18534 0.63566
-22.18954 0.63667
-22.19374 0.63768
-22.19791 0.63871
-22.20208 0.63975
-22.20623 0.64079
-22.21037 0.64185
-22.21449 0.64292
-22.21860 0.64401
-22.22182 0.64486
-22.22572 0.64621
-22.22960 0.64758
-22.23347 0.64895
-22.23732 0.65033
-22.24115 0.65172
-22.24497 0.65312
-22.24877 0.65453
-22.25255 0.65595
-22.25632 0.65738
-22.26007 0.65882
-22.26380 0.66027
-22.26752 0.66173
-22.27122 0.66319
-22.27491 0.66467
-22.27858 0.66615
-22.28223 0.66764
-22.28587 0.66915
-22.28949 0.67066
-22.29309 0.67218
-22.29668 0.67370
-22.30025 0.67524
-22.30381 0.67679
-22.30734 0.67834
-22.31087 0.67990
-22.31366 0.68115
-22.31691 0.68295
-22.32015 0.68476
-22.32336 0.68658
-22.32656 0.68840
-22.32974 0.69023
-22.33291 0.69207
-22.33606 0.69392
-22.33919 0.69577
-22.34231 0.69763
-22.34541 0.69949
-22.34849 0.70136
-22.35155 0.70324
-22.35460 0.70513
-22.35764 0.70702
-22.36065 0.70891
-22.36365 0.71082
-22.36664 0.71273
-22.36961 0.71465
-22.37256 0.71657
-22.37550 0.71850
-22.37842 0.72043
-22.38132 0.72238
-22.38421 0.72432
-22.38498 0.72484
-22.38757 0.72699
-22.39015 0.72915
-22.39272 0.73130
-22.39526 0.73347
-22.39780 0.73564
-22.40031 0.73781
-22.40282 0.73999
-22.40531 0.74217
-22.40778 0.74436
-22.41024 0.74655
-22.41269 0.74874
-22.41512 0.75094
-22.41753 0.75315
-22.41993 0.75536
-22.42232 0.75757
-22.42470 0.75979
-22.42706 0.76201
-22.42940 0.76424
-22.43174 0.76647
-22.43406 0.76870
-22.43636 0.77094
-22.43688 0.77144
-22.43888 0.77385
-22.44086 0.77626
-22.44283 0.77867
-22.44479 0.78108
-22.44674 0.78350
-22.44867 0.78592
-22.45059 0.78834
-22.45250 0.79077
-22.45440 0.79320
-22.45629 0.79563
-22.45817 0.79807
-22.46003 0.80050
-22.46189 0.80294
-22.46373 0.80539
-22.46556 0.80783
-22.46738 0.81028
-22.46919 0.81273
-22.47099 0.81519
-22.47227 0.81694
-22.47375 0.81953
-22.47522 0.82212
-22.47668 0.82471
-22.47813 0.82730
-22.47957 0.82990
-22.48100 0.83250
-22.48243 0.83510
-22.48384 0.83770
-22.48525 0.84030
-22.48665 0.84290
-22.48804 0.84551
-22.48942 0.84811
-22.49079 0.85072
-22.49215 0.85333
-22.49351 0.85594
-22.49457 0.85801
-22.49561 0.86072
-22.49665 0.86343
-22.49767 0.86615
-22.49869 0.86887
-22.49971 0.87158
-22.50071 0.87430
-22.50171 0.87702
-22.50271 0.87974
-22.50370 0.88246
-22.50468 0.88518
-22.50566 0.88791
-22.50663 0.89063
-22.50712 0.89202
-22.50778 0.89481
-22.50844 0.89761
-22.50910 0.90040
-22.50975 0.90320
-22.51039 0.90600
-22.51104 0.90879
-22.51168 0.91159
-22.51231 0.91439
-22.51291 0.91703
-22.51324 0.91987
-22.51358 0.92271
-22.51391 0.92555
-22.51424 0.92839
-22.51457 0.93124
-22.51463 0.93173
-22.51473 0.93458
-22.51476 0.93537
-22.51511 0.93253
-22.51545 0.92969
-22.51569 0.92780
-22.51631 0.92500
-22.51693 0.92220
-22.51756 0.91940
-22.51819 0.91661
-22.51883 0.91381
-22.51947 0.91101
-22.51983 0.90944
-22.52077 0.90671
-22.52172 0.90398
-22.52267 0.90126
-22.52362 0.89853
-22.52458 0.89581
-22.52555 0.89309
-22.52652 0.89036
-22.52750 0.88764
-22.52849 0.88492
-22.52948 0.88220
-22.52981 0.88129
-22.53110 0.87867
-22.53241 0.87605
-22.53372 0.87344
-22.53503 0.87082
-22.53636 0.86821
-22.53769 0.86559
-22.53903 0.86298
-22.54038 0.86037
-22.54174 0.85776
-22.54311 0.85516
-22.54448 0.85255
-22.54587 0.84995
-22.54726 0.84735
-22.54851 0.84502
-22.55021 0.84255
-22.55192 0.84008
-22.55364 0.83762
-22.55537 0.83516
-22.55711 0.83270
-22.55887 0.83024
-22.56063 0.82778
-22.56240 0.82533
-22.56418 0.82288
-22.56598 0.82043
-22.56778 0.81799
-22.56960 0.81554
-22.57142 0.81310
-22.57326 0.81067
-22.57511 0.80823
-22.57697 0.80580
-22.57884 0.80337
-22.57915 0.80297
-22.58132 0.80071
-22.58350 0.79844
-22.58570 0.79618
-22.58791 0.79393
-22.59013 0.79168
-22.59236 0.78943
-22.59460 0.78719
-22.59686 0.78495
-22.59913 0.78272
-22.60142 0.78049
-22.60371 0.77826
-22.60602 0.77604
-22.60835 0.77382
-22.61068 0.77160
-22.61304 0.76939
-22.61540 0.76719
-22.61778 0.76499
-22.62017 0.76279
-22.62257 0.76060
-22.62499 0.75841
-22.62518 0.75824
-22.62788 0.75625
-22.63060 0.75426
-22.63333 0.75228
-22.63608 0.75030
-22.63884 0.74833
-22.64162 0.74637
-22.64441 0.74441
-22.64721 0.74245
-22.65003 0.74051
-22.65287 0.73857
-22.65572 0.73663
-22.65858 0.73470
-22.66146 0.73278
-22.66436 0.73086
-22.66727 0.72895
-22.67019 0.72705
-22.67313 0.72515
-22.67609 0.72326
-22.67906 0.72137
-22.68205 0.71949
-22.68505 0.71762
-22.68807 0.71575
-22.68978 0.71470
-22.69306 0.71307
-22.69636 0.71144
-22.69967 0.70982
-22.70300 0.70821
-22.70634 0.70661
-22.70970 0.70501
-22.71307 0.70342
-22.71646 0.70184
-22.71986 0.70027
-22.72328 0.69871
-22.72672 0.69715
-22.73017 0.69561
-22.73363 0.69407
-22.73711 0.69254
-22.74061 0.69102
-22.74412 0.68950
-22.74764 0.68800
-22.75119 0.68650
-22.75474 0.68501
-22.75832 0.68353
-22.76190 0.68206
-22.76551 0.68060
-22.76913 0.67915
-22.77276 0.67771
-22.77484 0.67689
-22.77869 0.67571
-22.78255 0.67454
-22.78642 0.67338
-22.79031 0.67223
-22.79421 0.67109
-22.79812 0.66996
-22.80205 0.66884
-22.80599 0.66773
-22.80994 0.66663
-22.81391 0.66554
-22.81789 0.66446
-22.82188 0.66340
-22.82588 0.66234
-22.82990 0.66130
-22.83393 0.66026
-22.83797 0.65924
-22.84203 0.65822
-22.84610 0.65722
-22.85018 0.65623
-22.85427 0.65525
-22.85837 0.65428
-22.86249 0.65332
-22.86662 0.65237
-22.87076 0.65143
-22.87491 0.65051
-22.87908 0.64959
-22.87929 0.64955
-22.88358 0.64892
-22.88788 0.64829
-22.89218 0.64769
-22.89650 0.64709
-22.90082 0.64650
-22.90516 0.64593
-22.90950 0.64537
-22.91384 0.64482
-22.91820 0.64429
-22.92256 0.64376
-22.92693 0.64325
-22.93130 0.64275
-22.93568 0.64226
-22.94007 0.64179
-22.94447 0.64133
-22.94887 0.64088
-22.95327 0.64044
-22.95769 0.64002
-22.96211 0.63960
-22.96653 0.63920
-22.97096 0.63882
-22.97540 0.63844
-22.97984 0.63808
-22.98428 0.63773
-22.98873 0.63739
-22.99319 0.63707
-22.99751 0.63676
-23.00200 0.63674
-23.00649 0.63674
-23.01098 0.63674
-23.01546 0.63676
-23.01995 0.63679
-23.02443 0.63683
-23.02892 0.63689
-23.03340 0.63696
-23.03789 0.63704
-23.04237 0.63714
-23.04685 0.63725
-23.05133 0.63737
-23.05581 0.63750
-23.06028 0.63765
-23.06476 0.63780
-23.06923 0.63798
-23.07370 0.63816
-23.07816 0.63836
-23.08262 0.63857
-23.08708 0.63879
-23.09154 0.63903
-23.09599 0.63927
-23.10044 0.63953
-23.10489 0.63981
-23.10933 0.64009
-23.11377 0.64039
-23.11820 0.64070
-23.11957 0.64080
-23.12393 0.64141
-23.12828 0.64202
-23.13262 0.64265
-23.13695 0.64329
-23.14127 0.64394
-23.14558 0.64460
-23.14989 0.64528
-23.15418 0.64597
-23.15847 0.64667
-23.16275 0.64738
-23.16701 0.64810
-23.17127 0.64884
-23.17552 0.64958
-23.17976 0.65034
-23.18398 0.65111
-23.18820 0.65190
-23.19241 0.65269
-23.19661 0.65349
-23.20080 0.65431
-23.20497 0.65514
-23.20914 0.65598
-23.21329 0.65683
-23.21744 0.65769
-23.22157 0.65856
-23.22569 0.65945
-23.22981 0.66034
-23.23391 0.66125
-23.23413 0.66130
-23.23807 0.66248
-23.24198 0.66367
-23.24589 0.66486
-23.24978 0.66607
-23.25365 0.66729
-23.25752 0.66852
-23.26136 0.66976
-23.26520 0.67101
-23.26902 0.67227
-23.27282 0.67353
-23.27661 0.67481
-23.28039 0.67610
-23.28415 0.67740
-23.28790 0.67870
-23.29163 0.68002
-23.29535 0.68135
-23.29905 0.68268
-23.30274 0.68402
-23.30642 0.68538
-23.31008 0.68674
-23.31372 0.68811
-23.31735 0.68949
-23.32097 0.69088
-23.32457 0.69228
-23.32816 0.69369
-23.33173 0.69511
-23.33250 0.69541
-23.33583 0.69708
-23.33915 0.69875
-23.34246 0.70042
-23.34575 0.70211
-23.34902 0.70380
-23.35228 0.70550
-23.35552 0.70721
-23.35875 0.70893
-23.36196 0.71065
-23.36516 0.71238
-23.36834 0.71412
-23.37150 0.71586
-23.37465 0.71761
-23.37779 0.71937
-23.38091 0.72114
-23.38401 0.72291
-23.38710 0.72469
-23.39017 0.72647
-23.39323 0.72827
-23.39627 0.73007
-23.39930 0.73188
-23.40231 0.73369
-23.40531 0.73551
-23.40829 0.73734
-23.41067 0.73880
-23.41337 0.74085
-23.41606 0.74289
-23.41873 0.74495
-23.42138 0.74701
-23.42402 0.74907
-23.42665 0.75114
-23.42926 0.75322
-23.43186 0.75530
-23.43444 0.75738
-23.43701 0.75947
-23.43956 0.76156
-23.44210 0.76366
-23.44463 0.76577
-23.44714 0.76788
-23.44964 0.76999
-23.45213 0.77211
-23.45460 0.77424
-23.45706 0.77636
-23.45950 0.77850
-23.46193 0.78064
-23.46435 0.78278
-23.46676 0.78493
-23.46878 0.78674
-23.47088 0.78907
-23.47297 0.79140
-23.47505 0.79373
-23.47711 0.79607
-23.47917 0.79841
-23.48121 0.80076
-23.48324 0.80311
-23.48525 0.80546
-23.48726 0.80781
-23.48925 0.81017
-23.49124 0.81253
-23.49321 0.81490
-23.49517 0.81726
-23.49712 0.81963
-23.49905 0.82201
-23.50098 0.82438
-23.50290 0.82676
-23.50480 0.82915
-23.50669 0.83153
-23.50858 0.83392
-23.50929 0.83484
-23.51087 0.83737
-23.51244 0.83991
-23.51400 0.84245
-23.51556 0.84498
-23.51710 0.84753
-23.51863 0.85007
-23.52015 0.85262
-23.52167 0.85516
-23.52317 0.85771
-23.52467 0.86027
-23.52616 0.86282
-23.52764 0.86537
-23.52911 0.86793
-23.53057 0.87049
-23.53202 0.87305
-23.53347 0.87561
-23.53490 0.87818
-23.53558 0.87939
-23.53671 0.88207
-23.53784 0.88474
-23.53896 0.88742
-23.54007 0.89010
-23.54118 0.89278
-23.54228 0.89547
-23.54337 0.89815
-23.54446 0.90084
-23.54554 0.90352
-23.54661 0.90621
-23.54768 0.90890
-23.54874 0.91158
-23.54980 0.91427
-23.55085 0.91696
-23.55103 0.91742
-23.55178 0.92019
-23.55253 0.92297
-23.55327 0.92574
-23.55401 0.92851
-23.55475 0.93129
-23.55548 0.93406
-23.55621 0.93684
-23.55693 0.93961
-23.55765 0.94239
-23.55836 0.94516
-23.55875 0.94669