0.00000 0.00000
1.57080 0.00286
1.57080 0.00571
1.57080 0.00857
1.57080 0.01143
1.57080 0.01429
1.57080 0.01714
1.57080 0.02000
1.57080 0.02286
1.57080 0.02571
1.57080 0.02857
1.57080 0.03143
1.57080 0.03429
1.57080 0.03714
1.57080 0.04000
1.57080 0.04286
1.57080 0.04571
1.57080 0.04857
1.57080 0.05143
1.57080 0.05429
1.57080 0.05714
1.57080 0.06000
1.57080 0.06286
1.57080 0.06571
1.57080 0.06857
1.57080 0.07143
1.57080 0.07429
1.57080 0.07714
1.57080 0.08000
1.57080 0.08286
1.57080 0.08571
1.53746 0.08569
1.52989 0.08570
1.49655 0.08565
1.48897 0.08566
1.45561 0.08559
1.44802 0.08559
1.41464 0.08549
1.40705 0.08548
1.37363 0.08537
1.36604 0.08536
1.33258 0.08522
1.32497 0.08520
1.29145 0.08504
1.28383 0.08502
1.25026 0.08483
1.24261 0.08480
1.20896 0.08460
1.20129 0.08456
1.16757 0.08434
1.15989 0.08430
1.12608 0.08405
1.11837 0.08400
1.08446 0.08373
1.07672 0.08368
1.04270 0.08339
1.03495 0.08334
1.00080 0.08303
0.99302 0.08297
0.95875 0.08264
0.95094 0.08257
0.91653 0.08222
0.90867 0.08215
0.87411 0.08178
0.86621 0.08171
0.83149 0.08132
0.82357 0.08125
0.78867 0.08084
0.78071 0.08076
0.74563 0.08033
0.73762 0.08025
0.70235 0.07981
0.69428 0.07972
0.65880 0.07926
0.65069 0.07917
0.61499 0.07870
0.60684 0.07860
0.57091 0.07812
0.56268 0.07802
0.52651 0.07752
0.51823 0.07742
0.48180 0.07690
0.47347 0.07680
0.43678 0.07628
0.42838 0.07617
0.39141 0.07563
0.38295 0.07553
0.34569 0.07498
0.33715 0.07487
0.29958 0.07431
0.29096 0.07420
0.25307 0.07364
0.24438 0.07353
0.20615 0.07296
0.19740 0.07284
0.15882 0.07227
0.14999 0.07215
0.11105 0.07157
0.10212 0.07146
0.06281 0.07087
0.05379 0.07076
0.01410 0.07017
0.00500 0.07006
-0.03510 0.06947
-0.04428 0.06936
-0.08478 0.06877
-0.09406 0.06866
-0.13499 0.06808
-0.14437 0.06796
-0.18572 0.06738
-0.19521 0.06727
-0.23701 0.06670
-0.24661 0.06658
-0.28886 0.06602
-0.29854 0.06591
-0.34125 0.06535
-0.35104 0.06524
-0.39421 0.06470
-0.40412 0.06459
-0.44776 0.06406
-0.45775 0.06396
-0.50187 0.06344
-0.51197 0.06334
-0.55656 0.06283
-0.56677 0.06273
-0.61182 0.06225
-0.62215 0.06215
-0.66767 0.06168
-0.67810 0.06160
-0.72408 0.06115
-0.73461 0.06106
-0.78103 0.06063
-0.79165 0.06055
-0.83852 0.06015
-0.84924 0.06008
-0.89652 0.05970
-0.90735 0.05963
-0.95505 0.05928
-0.96594 0.05921
-1.01402 0.05889
-1.02499 0.05883
-1.07342 0.05853
-1.08449 0.05849
-1.13324 0.05822
-1.14437 0.05818
-1.19342 0.05794
-1.20460 0.05791
-1.25391 0.05770
-1.26514 0.05768
-1.31467 0.05750
-1.32593 0.05748
-1.37564 0.05735
-1.38696 0.05734
-1.43680 0.05723
-1.44815 0.05723
-1.49809 0.05716
-1.50946 0.05716
-1.55945 0.05713
-1.57080 0.05714
-1.62080 0.05714
-1.63214 0.05716
-1.68210 0.05720
-1.69345 0.05723
-1.74333 0.05730
-1.75464 0.05734
-1.80439 0.05744
-1.81566 0.05748
-1.86525 0.05762
-1.87645 0.05768
-1.92583 0.05785
-1.93699 0.05791
-1.98612 0.05811
-1.99722 0.05818
-2.04607 0.05841
-2.05710 0.05849
-2.10564 0.05875
-2.11660 0.05883
-2.16479 0.05913
-2.17565 0.05921
-2.22347 0.05954
-2.23424 0.05963
-2.28166 0.05998
-2.29236 0.06008
-2.33936 0.06045
-2.34994 0.06055
-2.39651 0.06095
-2.40699 0.06106
-2.45311 0.06148
-2.46349 0.06160
-2.50917 0.06204
-2.51945 0.06215
-2.56465 0.06261
-2.57483 0.06273
-2.61956 0.06321
-2.62962 0.06334
-2.67389 0.06383
-2.68384 0.06396
-2.72764 0.06446
-2.73747 0.06459
-2.78081 0.06511
-2.79056 0.06524
-2.83342 0.06577
-2.84305 0.06591
-2.88546 0.06645
-2.89499 0.06658
-2.93694 0.06713
-2.94638 0.06727
-2.98789 0.06782
-2.99723 0.06796
-3.03830 0.06851
-3.04753 0.06866
-3.08818 0.06921
-3.09731 0.06936
-3.13756 0.06991
-3.14659 0.07006
-3.18643 0.07062
-3.19538 0.07076
-3.23484 0.07131
-3.24371 0.07146
-3.28278 0.07201
-3.29158 0.07215
-3.33029 0.07270
-3.33899 0.07284
-3.37735 0.07339
-3.38597 0.07353
-3.42399 0.07407
-3.43256 0.07420
-3.47026 0.07474
-3.47874 0.07487
-3.51613 0.07539
-3.52455 0.07553
-3.56164 0.07604
-3.56997 0.07617
-3.60678 0.07667
-3.61506 0.07680
-3.65160 0.07729
-3.65982 0.07742
-3.69610 0.07790
-3.70427 0.07802
-3.74030 0.07848
-3.74843 0.07860
-3.78422 0.07906
-3.79228 0.07917
-3.82785 0.07961
-3.83587 0.07972
-3.87123 0.08014
-3.87921 0.08025
-3.91438 0.08065
-3.92230 0.08076
-3.95727 0.08114
-3.96516 0.08125
-3.99995 0.08161
-4.00781 0.08171
-4.04244 0.08206
-4.05026 0.08215
-4.08474 0.08248
-4.09253 0.08257
-4.12686 0.08288
-4.13462 0.08297
-4.16882 0.08326
-4.17654 0.08334
-4.21062 0.08361
-4.21831 0.08368
-4.25228 0.08393
-4.25997 0.08400
-4.29383 0.08423
-4.30148 0.08430
-4.33525 0.08450
-4.34289 0.08456
-4.37657 0.08475
-4.38420 0.08480
-4.41781 0.08496
-4.42542 0.08502
-4.45897 0.08515
-4.46656 0.08520
-4.50005 0.08532
-4.50763 0.08536
-4.54107 0.08545
-4.54864 0.08548
-4.58204 0.08556
-4.58961 0.08559
-4.62298 0.08563
-4.63056 0.08566
-4.66391 0.08568
-4.67149 0.08570
-4.70483 0.08570
-4.71239 0.08571