0.00000 0.00000
-1.81011 0.00286
-1.81011 0.00571
-1.81011 0.00857
-1.81011 0.01143
-1.81011 0.01429
-1.81011 0.01714
-1.81011 0.02000
-1.81011 0.02286
-1.81011 0.02571
-1.81011 0.02857
-1.81011 0.03143
-1.81011 0.03429
-1.81011 0.03714
-1.81011 0.04000
-1.81011 0.04286
-1.81011 0.04571
-1.81011 0.04857
-1.81011 0.05143
-1.81011 0.05429
-1.81011 0.05714
-1.81011 0.06000
-1.81011 0.06286
-1.81011 0.06571
-1.81011 0.06857
-1.81011 0.07143
-1.81011 0.07429
-1.81011 0.07714
-1.81011 0.08000
-1.81011 0.08286
-1.81011 0.08571
-1.81011 0.08857
-1.81011 0.09143
-1.81011 0.09429
-1.81011 0.09714
-1.81011 0.10000
-1.81011 0.10286
-1.81011 0.10571
-1.81011 0.10857
-1.81011 0.11143
-1.81011 0.11429
-1.81011 0.11714
-1.81011 0.12000
-1.81011 0.12286
-1.81011 0.12571
-1.81011 0.12857
-1.81011 0.13143
-1.81011 0.13429
-1.81011 0.13714
-1.81011 0.14000
-1.81011 0.14286
-1.81011 0.14571
-1.81011 0.14857
-1.81011 0.15143
-1.81011 0.15429
-1.81011 0.15714
-1.81011 0.16000
-1.81011 0.16286
-1.81011 0.16571
-1.81011 0.16857
-1.81011 0.17143
-1.81011 0.17429
-1.81011 0.17714
-1.81011 0.18000
-1.81011 0.18286
-1.81011 0.18571
-1.81011 0.18857
-1.81011 0.19143
-1.81011 0.19429
-1.81011 0.19714
-1.81011 0.20000
-1.81011 0.20286
-1.81011 0.20571
-1.81011 0.20857
-1.81011 0.21143
-1.81011 0.21429
-1.81011 0.21714
-1.81011 0.22000
-1.81011 0.22286
-1.81011 0.22571
-1.81011 0.22857
-1.81011 0.23143
-1.81011 0.23429
-1.81011 0.23714
-1.81011 0.24000
-1.81011 0.24286
-1.81011 0.24571
-1.81011 0.24857
-1.81011 0.25143
-1.81011 0.25429
-1.81011 0.25714
-1.81011 0.26000
-1.81011 0.26286
-1.81011 0.26571
-1.81011 0.26857
-1.81011 0.27143
-1.81011 0.27429
-1.81011 0.27714
-1.81011 0.28000
-1.81011 0.28286
-1.81011 0.28571
-1.81011 0.28857
-1.81011 0.29143
-1.81011 0.29429
-1.81011 0.29714
-1.81011 0.30000
-1.81011 0.30286
-1.81011 0.30571
-1.81011 0.30857
-1.81011 0.31143
-1.81011 0.31429
-1.81011 0.31714
-1.81011 0.32000
-1.81011 0.32286
-1.81011 0.32571
-1.81011 0.32857
-1.81011 0.33143
-1.81011 0.33429
-1.81011 0.33714
-1.81011 0.34000
-1.81011 0.34286
-1.81011 0.34571
-1.81011 0.34857
-1.81011 0.35143
-1.81011 0.35429
-1.81011 0.35714
-1.81011 0.36000
-1.81011 0.36286
-1.81011 0.36571
-1.81011 0.36857
-1.81011 0.37143
-1.81011 0.37429
-1.81011 0.37714
-1.81011 0.38000
-1.81011 0.38286
-1.81011 0.38571
-1.81011 0.38857
-1.81011 0.39143
-1.81011 0.39429
-1.81011 0.39714
-1.81011 0.40000
-1.81011 0.40286
-1.81011 0.40571
-1.81011 0.40857
-1.81011 0.41143
-1.81011 0.41429
-1.81011 0.41714
-1.81011 0.42000
-1.81011 0.42286
-1.81011 0.42571
-1.81011 0.42857
-1.81011 0.43143
-1.81011 0.43429
-1.81011 0.43714
-1.81011 0.44000
-1.81011 0.44286
-1.81011 0.44571
-1.81011 0.44857
-1.81011 0.45143
-1.81011 0.45429
-1.81011 0.45714
-1.81011 0.46000
-1.81011 0.46286
-1.81011 0.46571
-1.81011 0.46857
-1.81011 0.47143
-1.81011 0.47429
-1.81011 0.47714
-1.81011 0.48000
-1.81011 0.48286
-1.81011 0.48571
-1.81011 0.48857
-1.81011 0.49143
-1.81011 0.49429
-1.81011 0.49714
-1.81011 0.50000
-1.81011 0.50286
-1.81011 0.50571
-1.81011 0.50857
-1.81011 0.51143
-1.81011 0.51429
-1.81011 0.51714
-1.81011 0.52000
-1.81011 0.52286
-1.81011 0.52571
-1.81011 0.52857
-1.81011 0.53143
-1.81011 0.53429
-1.81011 0.53714
-1.81011 0.54000
-1.81011 0.54286
-1.81011 0.54571
-1.81011 0.54857
-1.81011 0.55143
-1.81011 0.55429
-1.81011 0.55714
-1.81011 0.56000
-1.81011 0.56286
-1.81011 0.56571
-1.81011 0.56857
-1.81011 0.57143
-1.81011 0.57429
-1.81011 0.57714
-1.81011 0.58000
-1.81011 0.58286
-1.81011 0.58571
-1.81011 0.58857
-1.81011 0.59143
-1.81011 0.59214
-1.81126 0.58937
-1.81242 0.58659
-1.81359 0.58382
-1.81477 0.58105
-1.81596 0.57827
-1.81634 0.57741
-1.81755 0.57464
-1.81877 0.57187
-1.82000 0.56910
-1.82124 0.56633
-1.82250 0.56356
-1.82289 0.56270
-1.82417 0.55993
-1.82545 0.55716
-1.82675 0.55440
-1.82806 0.55164
-1.82939 0.54887
-1.82980 0.54801
-1.83115 0.54525
-1.83250 0.54249
-1.83387 0.53973
-1.83413 0.53921
-1.83430 0.53636
-1.83447 0.53350
-1.83451 0.53298
-1.83340 0.53018
-1.83227 0.52739
-1.83114 0.52459
-1.83048 0.52298
-1.82772 0.52051
-1.82494 0.51805
-1.82213 0.51558
-1.81930 0.51313
-1.81785 0.51188
-1.81497 0.50943
-1.81207 0.50698
-1.80914 0.50454
-1.80912 0.50453
-1.80527 0.50243
-1.80138 0.50034
-1.79747 0.49826
-1.79419 0.49653
-1.78943 0.49492
-1.78465 0.49331
-1.77984 0.49172
-1.77499 0.49013
-1.77011 0.48856
-1.76658 0.48744
-1.76165 0.48589
-1.75668 0.48435
-1.75169 0.48282
-1.74666 0.48130
-1.74161 0.47980
-1.73794 0.47872
-1.73235 0.47771
-1.72674 0.47672
-1.72110 0.47574
-1.71545 0.47477
-1.70977 0.47382
-1.70739 0.47343
-1.70140 0.47305
-1.69541 0.47268
-1.68941 0.47234
-1.68340 0.47201
-1.67738 0.47169
-1.67550 0.47160
-1.66947 0.47131
-1.66343 0.47104
-1.65739 0.47078
-1.65134 0.47054
-1.64528 0.47032
-1.64339 0.47026
-1.63733 0.47006
-1.63126 0.46988
-1.62519 0.46971
-1.61911 0.46957
-1.61303 0.46944
-1.61113 0.46940
-1.60505 0.46929
-1.59896 0.46920
-1.59288 0.46913
-1.58679 0.46908
-1.58070 0.46904
-1.57879 0.46903
-1.57270 0.46902
-1.56661 0.46902
-1.56052 0.46904
-1.55443 0.46908
-1.54834 0.46914
-1.54643 0.46916
-1.54035 0.46923
-1.53426 0.46933
-1.52818 0.46944
-1.52210 0.46957
-1.51603 0.46972
-1.51413 0.46977
-1.50806 0.46994
-1.50199 0.47013
-1.49593 0.47033
-1.48988 0.47056
-1.48383 0.47080
-1.48194 0.47087
-1.47590 0.47114
-1.46986 0.47142
-1.46384 0.47171
-1.45782 0.47203
-1.45181 0.47236
-1.44993 0.47246
-1.44393 0.47282
-1.43795 0.47319
-1.43197 0.47357
-1.42600 0.47398
-1.42004 0.47440
-1.41818 0.47453
-1.41223 0.47498
-1.40630 0.47544
-1.40037 0.47591
-1.39446 0.47640
-1.38856 0.47691
-1.38672 0.47708
-1.38084 0.47761
-1.37498 0.47816
-1.36912 0.47872
-1.36328 0.47930
-1.35745 0.47990
-1.35564 0.48009
-1.34983 0.48070
-1.34404 0.48134
-1.33826 0.48199
-1.33250 0.48266
-1.32676 0.48334
-1.32497 0.48355
-1.31924 0.48426
-1.31354 0.48498
-1.30785 0.48571
-1.30218 0.48646
-1.29652 0.48723
-1.29476 0.48747
-1.28913 0.48826
-1.28352 0.48906
-1.28002 0.48957
-1.28562 0.48876
-1.29124 0.48796
-1.29476 0.48747
-1.30041 0.48670
-1.30607 0.48594
-1.31176 0.48521
-1.31746 0.48448
-1.32318 0.48377
-1.32497 0.48355
-1.33071 0.48287
-1.33646 0.48220
-1.34223 0.48154
-1.34802 0.48090
-1.35382 0.48028
-1.35564 0.48009
-1.36146 0.47948
-1.36729 0.47890
-1.37314 0.47833
-1.37901 0.47778
-1.38488 0.47724
-1.38672 0.47708
-1.39262 0.47656
-1.39852 0.47606
-1.40444 0.47558
-1.41037 0.47512
-1.41632 0.47467
-1.41818 0.47453
-1.42413 0.47411
-1.43010 0.47370
-1.43608 0.47331
-1.44206 0.47293
-1.44806 0.47257
-1.44993 0.47246
-1.45594 0.47213
-1.46196 0.47181
-1.46798 0.47151
-1.47401 0.47122
-1.48005 0.47095
-1.48194 0.47087
-1.48799 0.47063
-1.49404 0.47040
-1.50010 0.47019
-1.50616 0.47000
-1.51223 0.46982
-1.51413 0.46977
-1.52020 0.46962
-1.52628 0.46948
-1.53236 0.46936
-1.53845 0.46926
-1.54453 0.46918
-1.54643 0.46916
-1.55252 0.46910
-1.55861 0.46905
-1.56470 0.46903
-1.57080 0.46902
-1.57689 0.46903
-1.57879 0.46903
-1.58488 0.46906
-1.59097 0.46911
-1.59706 0.46918
-1.60315 0.46926
-1.60923 0.46936
-1.61113 0.46940
-1.61721 0.46952
-1.62329 0.46966
-1.62936 0.46982
-1.63543 0.47000
-1.64150 0.47019
-1.64339 0.47026
-1.64945 0.47047
-1.65550 0.47070
-1.66154 0.47095
-1.66758 0.47122
-1.67361 0.47151
-1.67550 0.47160
-1.68152 0.47191
-1.68753 0.47223
-1.69353 0.47257
-1.69953 0.47293
-1.70552 0.47331
-1.70739 0.47343
-1.71308 0.47437
-1.71874 0.47533
-1.72439 0.47631
-1.73001 0.47730
-1.73561 0.47830
-1.73794 0.47872
-1.74302 0.48022
-1.74807 0.48172
-1.75308 0.48324
-1.75807 0.48477
-1.76302 0.48632
-1.76658 0.48744
-1.77147 0.48900
-1.77634 0.49057
-1.78118 0.49216
-1.78598 0.49376
-1.79076 0.49537
-1.79419 0.49653
-1.79813 0.49861
-1.80204 0.50069
-1.80592 0.50278
-1.80912 0.50453
-1.81205 0.50697
-1.81496 0.50942
-1.81783 0.51187
-1.81785 0.51188
-1.82070 0.51434
-1.82352 0.51679
-1.82631 0.51926
-1.82908 0.52173
-1.83048 0.52298
-1.83162 0.52577
-1.83275 0.52857
-1.83387 0.53136
-1.83451 0.53298
-1.83433 0.53583
-1.83416 0.53869
-1.83413 0.53921
-1.83276 0.54197
-1.83140 0.54473
-1.83005 0.54749
-1.82980 0.54801
-1.82848 0.55077
-1.82716 0.55354
-1.82586 0.55630
-1.82561 0.55682
-1.82323 0.55935
-1.82087 0.56188
-1.82043 0.56234
-1.81709 0.56449
-1.81378 0.56665
-1.81049 0.56881
-1.80860 0.57006
-1.80433 0.57155
-1.80008 0.57306
-1.79586 0.57457
-1.79166 0.57609
-1.78953 0.57687
-1.78537 0.57841
-1.78122 0.57996
-1.77710 0.58152
-1.77708 0.58152
-1.77252 0.58259
-1.76799 0.58368
-1.76347 0.58477
-1.75973 0.58569
-1.75495 0.58624
-1.75017 0.58680
-1.74541 0.58738
-1.74065 0.58797
-1.73590 0.58858
-1.73248 0.58902
-1.72775 0.58965
-1.72303 0.59029
-1.71832 0.59094
-1.71362 0.59161
-1.70893 0.59229
-1.70556 0.59278
-1.70075 0.59297
-1.69594 0.59317
-1.69114 0.59338
-1.68634 0.59361
-1.68155 0.59385
-1.67954 0.59395
-1.68434 0.59371
-1.68914 0.59348
-1.69394 0.59326
-1.69874 0.59305
-1.70355 0.59286
-1.70556 0.59278
-1.71024 0.59210
-1.71493 0.59142
-1.71963 0.59076
-1.72434 0.59011
-1.72907 0.58947
-1.73248 0.58902
-1.73722 0.58841
-1.74197 0.58781
-1.74673 0.58722
-1.75150 0.58665
-1.75628 0.58609
-1.75973 0.58569
-1.76423 0.58459
-1.76876 0.58349
-1.77329 0.58241
-1.77708 0.58152
-1.78120 0.57997
-1.78534 0.57842
-1.78951 0.57688
-1.78953 0.57687
-1.79372 0.57534
-1.79793 0.57382
-1.80217 0.57231
-1.80643 0.57082
-1.80860 0.57006
-1.81187 0.56789
-1.81517 0.56574
-1.81850 0.56358
-1.82043 0.56234
-1.82279 0.55981
-1.82518 0.55728
-1.82561 0.55682
-1.82691 0.55405
-1.82823 0.55129
-1.82955 0.54853
-1.82980 0.54801
-1.83115 0.54525
-1.83250 0.54249
-1.83387 0.53973
-1.83525 0.53697
-1.83665 0.53421
-1.83709 0.53335
-1.83851 0.53060
-1.83994 0.52784
-1.84139 0.52509
-1.84285 0.52234
-1.84433 0.51958
-1.84479 0.51872
-1.84629 0.51597
-1.84781 0.51323
-1.84934 0.51048
-1.85088 0.50773
-1.85245 0.50499
-1.85294 0.50413
-1.85453 0.50139
-1.85613 0.49864
-1.85775 0.49590
-1.85939 0.49316
-1.86105 0.49042
-1.86157 0.48957
-1.86325 0.48683
-1.86496 0.48410
-1.86668 0.48136
-1.86842 0.47863
-1.87018 0.47590
-1.87073 0.47505
-1.87252 0.47232
-1.87433 0.46959
-1.87616 0.46687
-1.87801 0.46414
-1.87988 0.46142
-1.88178 0.45870
-1.88369 0.45598
-1.88563 0.45326
-1.88760 0.45054
-1.88958 0.44783
-1.89160 0.44512
-1.89363 0.44241
-1.89569 0.43970
-1.89778 0.43699
-1.89989 0.43429
-1.90203 0.43158
-1.90420 0.42888
-1.90639 0.42619
-1.90862 0.42349
-1.91087 0.42079
-1.91315 0.41810
-1.91372 0.41743
-1.91604 0.41474
-1.91838 0.41205
-1.92076 0.40937
-1.92317 0.40668
-1.92378 0.40601
-1.92623 0.40333
-1.92871 0.40066
-1.93122 0.39798
-1.93377 0.39531
-1.93635 0.39264
-1.93717 0.39181
-1.93980 0.38914
-1.94247 0.38648
-1.94517 0.38382
-1.94791 0.38116
-1.95069 0.37850
-1.95157 0.37767
-1.95440 0.37502
-1.95727 0.37237
-1.96018 0.36973
-1.96314 0.36709
-1.96613 0.36445
-1.96918 0.36181
-1.97226 0.35918
-1.97539 0.35655
-1.97698 0.35524
-1.98018 0.35262
-1.98343 0.35000
-1.98672 0.34738
-1.99007 0.34477
-1.99092 0.34412
-1.99433 0.34151
-1.99780 0.33891
-2.00131 0.33631
-2.00489 0.33372
-2.00579 0.33307
-2.00943 0.33048
-2.01313 0.32790
-2.01689 0.32532
-2.02071 0.32274
-2.02168 0.32210
-2.02557 0.31953
-2.02953 0.31697
-2.03356 0.31441
-2.03765 0.31185
-2.03868 0.31121
-2.03045 0.30994
-2.02216 0.30868
-2.01379 0.30744
-2.00536 0.30623
-1.99687 0.30504
-1.99420 0.30467
-1.98562 0.30351
-1.97697 0.30237
-1.96826 0.30125
-1.95948 0.30016
-1.95064 0.29908
-1.94786 0.29876
-1.93894 0.29771
-1.92996 0.29670
-1.92091 0.29571
-1.91180 0.29474
-1.90264 0.29380
-1.89976 0.29351
-1.89052 0.29260
-1.88122 0.29171
-1.87187 0.29085
-1.86246 0.29002
-1.85300 0.28921
-1.85003 0.28896
-1.84050 0.28819
-1.83092 0.28744
-1.82129 0.28672
-1.81161 0.28602
-1.80189 0.28535
-1.79884 0.28515
-1.78906 0.28452
-1.77923 0.28391
-1.76937 0.28333
-1.75946 0.28279
-1.74952 0.28226
-1.74640 0.28211
-1.73641 0.28162
-1.72639 0.28116
-1.71634 0.28074
-1.70625 0.28034
-1.69614 0.27996
-1.69298 0.27985
-1.68283 0.27952
-1.67266 0.27921
-1.66247 0.27894
-1.65226 0.27869
-1.64204 0.27847
-1.63884 0.27841
-1.62859 0.27823
-1.61833 0.27808
-1.60807 0.27796
-1.59779 0.27787
-1.58751 0.27781
-1.58430 0.27779
-1.57401 0.27777
-1.56372 0.27777
-1.55344 0.27781
-1.54316 0.27787
-1.53288 0.27797
-1.52968 0.27800
-1.53009 0.28086
-1.53050 0.28371
-1.53090 0.28657
-1.53130 0.28942
-1.53140 0.29014
-1.53178 0.29299
-1.53216 0.29585
-1.53253 0.29870
-1.53289 0.30156
-1.53298 0.30227
-1.53333 0.30512
-1.53368 0.30798
-1.53402 0.31083
-1.53436 0.31369
-1.53444 0.31440
-1.53477 0.31726
-1.53509 0.32011
-1.53540 0.32297
-1.53571 0.32582
-1.53579 0.32654
-1.53830 0.32927
-1.54077 0.33201
-1.54126 0.33256
-1.54524 0.33508
-1.54915 0.33762
-1.55301 0.34016
-1.55511 0.34156
-1.56108 0.34355
-1.56699 0.34556
-1.57282 0.34758
-1.57859 0.34961
-1.58149 0.35064
-1.58716 0.35269
-1.59276 0.35475
-1.59830 0.35682
-1.59832 0.35683
-1.60483 0.35849
-1.61128 0.36016
-1.61767 0.36185
-1.62293 0.36326
-1.63004 0.36447
-1.63711 0.36569
-1.64414 0.36694
-1.65111 0.36820
-1.65804 0.36948
-1.66301 0.37041
-1.66985 0.37172
-1.67664 0.37305
-1.68339 0.37439
-1.69009 0.37575
-1.69674 0.37713
-1.70151 0.37814
-1.70864 0.37907
-1.71574 0.38002
-1.72281 0.38098
-1.72983 0.38197
-1.73683 0.38298
-1.73974 0.38340
-1.74719 0.38333
-1.75464 0.38328
-1.76209 0.38326
-1.76955 0.38325
-1.77700 0.38326
-1.78012 0.38328
-1.78747 0.38280
-1.79484 0.38234
-1.80223 0.38191
-1.80964 0.38150
-1.81706 0.38110
-1.82243 0.38083
-1.82988 0.38048
-1.83734 0.38014
-1.84481 0.37983
-1.85230 0.37953
-1.85979 0.37926
-1.86521 0.37908
-1.87244 0.37826
-1.87970 0.37746
-1.88699 0.37669
-1.89307 0.37606
-1.89989 0.37479
-1.90676 0.37354
-1.91367 0.37231
-1.91371 0.37230
-1.92067 0.37109
-1.92767 0.36989
-1.93472 0.36871
-1.94181 0.36755
-1.94543 0.36697
-1.95129 0.36508
-1.95721 0.36321
-1.96319 0.36134
-1.96667 0.36027
-1.97136 0.35796
-1.97610 0.35566
-1.97698 0.35524
-1.98018 0.35262
-1.98343 0.35000
-1.98672 0.34738
-1.99007 0.34477
-1.99092 0.34412
-1.99433 0.34151
-1.99780 0.33891
-2.00131 0.33631
-2.00489 0.33372
-2.00579 0.33307
-2.00943 0.33048
-2.01313 0.32790
-2.01689 0.32532
-2.02071 0.32274
-2.02168 0.32210
-2.02557 0.31953
-2.02953 0.31697
-2.03356 0.31441
-2.03765 0.31185
-2.04180 0.30930
-2.04603 0.30676
-2.05033 0.30422
-2.05470 0.30169
-2.05914 0.29916
-2.06167 0.29775
-2.06623 0.29523
-2.07087 0.29272
-2.07560 0.29022
-2.08040 0.28772
-2.08528 0.28523
-2.09026 0.28274
-2.09532 0.28027
-2.10047 0.27780
-2.10571 0.27534
-2.11105 0.27288
-2.11648 0.27043
-2.12202 0.26800
-2.12765 0.26557
-2.13339 0.26315
-2.13923 0.26073
-2.14519 0.25833
-2.15125 0.25594
-2.15743 0.25355
-2.16373 0.25118
-2.17015 0.24881
-2.17669 0.24646
-2.17834 0.24587
-2.18504 0.24353
-2.19187 0.24120
-2.19882 0.23889
-2.20592 0.23658
-2.21316 0.23429
-2.21545 0.23357
-2.22287 0.23129
-2.23044 0.22903
-2.23816 0.22678
-2.24604 0.22454
-2.25407 0.22232
-2.25661 0.22163
-2.26486 0.21942
-2.27327 0.21723
-2.28186 0.21506
-2.29061 0.21290
-2.29955 0.21076
-2.30238 0.21010
-2.31156 0.20798
-2.32092 0.20588
-2.33048 0.20380
-2.34024 0.20174
-2.35019 0.19970
-2.35334 0.19906
-2.36357 0.19705
-2.37400 0.19505
-2.38465 0.19308
-2.39552 0.19113
-2.40661 0.18920
-2.41012 0.18860
-2.42151 0.18671
-2.43313 0.18484
-2.44498 0.18299
-2.45708 0.18117
-2.46942 0.17938
-2.47333 0.17882
-2.48599 0.17707
-2.49891 0.17534
-2.51208 0.17364
-2.51458 0.17333
-2.52549 0.17118
-2.53668 0.16904
-2.53876 0.16866
-2.54696 0.16615
-2.55540 0.16366
-2.56410 0.16117
-2.56925 0.15974
-2.57310 0.15695
-2.57709 0.15416
-2.58122 0.15138
-2.58552 0.14859
-2.58776 0.14718
-2.59230 0.14440
-2.59702 0.14162
-2.60192 0.13885
-2.60195 0.13884
-2.60297 0.13598
-2.60402 0.13313
-2.60513 0.13028
-2.60609 0.12791
-2.59127 0.12575
-2.57595 0.12363
-2.56009 0.12153
-2.55625 0.12104
-2.53392 0.12009
-2.51123 0.11920
-2.49659 0.11866
-2.47267 0.11896
-2.44888 0.11932
-2.42525 0.11975
-2.40181 0.12025
-2.37867 0.12081
-2.35560 0.12140
-2.33277 0.12206
-2.31019 0.12279
-2.28789 0.12358
-2.26588 0.12442
-2.26526 0.12445
-2.24447 0.12563
-2.22408 0.12687
-2.20409 0.12816
-2.18450 0.12950
-2.16532 0.13089
-2.14794 0.13222
-2.12945 0.13367
-2.11136 0.13518
-2.09367 0.13672
-2.07639 0.13830
-2.05950 0.13993
-2.04376 0.14152
-2.02774 0.14324
-2.01212 0.14500
-1.99687 0.14679
-1.98199 0.14862
-1.96747 0.15047
-1.95435 0.15222
-1.94040 0.15412
-1.92679 0.15604
-1.91352 0.15800
-1.90057 0.15998
-1.88794 0.16199
-1.87618 0.16392
-1.86314 0.16580
-1.85039 0.16771
-1.83793 0.16965
-1.82575 0.17161
-1.81390 0.17359
-1.80215 0.17557
-1.79066 0.17759
-1.77943 0.17962
-1.76846 0.18168
-1.75773 0.18376
-1.75743 0.18382
-1.74190 0.18393
-1.72640 0.18410
-1.71093 0.18430
-1.69550 0.18455
-1.68215 0.18480
-1.66775 0.18374
-1.65319 0.18272
-1.63847 0.18174
-1.62512 0.18089
-1.61445 0.17877
-1.60352 0.17668
-1.59234 0.17460
-1.59228 0.17459
-1.58082 0.17254
-1.56909 0.17051
-1.55708 0.16851
-1.54478 0.16653
-1.53843 0.16553
-1.53021 0.16301
-1.52173 0.16051
-1.51298 0.15801
-1.50806 0.15665
-1.50219 0.15394
-1.49612 0.15124
-1.49489 0.15070
-1.49342 0.14785
-1.49190 0.14500
-1.49031 0.14216
-1.48867 0.13931
-1.48824 0.13860
-1.48651 0.13575
-1.48470 0.13290
-1.48281 0.13006
-1.48083 0.12721
-1.48033 0.12650
-1.47824 0.12365
-1.47605 0.12081
-1.47376 0.11796
-1.47136 0.11512
-1.47074 0.11441
-1.46818 0.11157
-1.46549 0.10873
-1.46265 0.10589
-1.45966 0.10305
-1.45889 0.10234
-1.46309 0.09951
-1.46753 0.09669
-1.46845 0.09613
-1.47903 0.09345
-1.49023 0.09079
-1.50211 0.08814
-1.50896 0.08668
-1.53133 0.08456
-1.55484 0.08249
-1.57954 0.08046
-1.60551 0.07848
-1.61920 0.07750
-1.64719 0.07561
-1.67658 0.07378
-1.70745 0.07202
-1.70761 0.07201
-1.67674 0.07377
-1.64734 0.07560
-1.61934 0.07749
-1.61920 0.07750
-1.59257 0.07945
-1.56723 0.08145
-1.54312 0.08350
-1.52018 0.08560
-1.50896 0.08668
-1.49668 0.08933
-1.48511 0.09199
-1.47419 0.09465
-1.46845 0.09613
-1.46395 0.09895
-1.45970 0.10178
-1.45889 0.10234
-1.46192 0.10518
-1.46479 0.10802
-1.46752 0.11086
-1.47011 0.11370
-1.47074 0.11441
-1.47317 0.11725
-1.47549 0.12010
-1.47770 0.12294
-1.47981 0.12579
-1.48033 0.12650
-1.48232 0.12934
-1.48423 0.13219
-1.48606 0.13504
-1.48782 0.13788
-1.48824 0.13860
-1.48991 0.14144
-1.49151 0.14429
-1.49305 0.14714
-1.49453 0.14999
-1.49489 0.15070
-1.50101 0.15340
-1.50691 0.15611
-1.50806 0.15665
-1.51696 0.15913
-1.52558 0.16163
-1.53394 0.16415
-1.53843 0.16553
-1.55087 0.16750
-1.56303 0.16949
-1.57490 0.17151
-1.58649 0.17355
-1.59228 0.17459
-1.60346 0.17667
-1.61439 0.17876
-1.62506 0.18088
-1.62512 0.18089
-1.63998 0.18184
-1.65469 0.18282
-1.66923 0.18385
-1.68215 0.18480
-1.69754 0.18452
-1.71298 0.18427
-1.72845 0.18407
-1.74396 0.18392
-1.75743 0.18382
-1.76815 0.18174
-1.77912 0.17968
-1.79034 0.17764
-1.80182 0.17563
-1.81357 0.17364
-1.81390 0.17359
-1.82581 0.17160
-1.83799 0.16964
-1.85045 0.16770
-1.86320 0.16580
-1.87618 0.16392
-1.88852 0.16189
-1.90116 0.15989
-1.91413 0.15791
-1.92742 0.15595
-1.94104 0.15403
-1.95435 0.15222
-1.96854 0.15033
-1.98308 0.14848
-1.99799 0.14665
-2.01326 0.14486
-2.02892 0.14311
-2.04376 0.14152
-2.06027 0.13985
-2.07718 0.13823
-2.09448 0.13665
-2.11219 0.13510
-2.13030 0.13361
-2.14794 0.13222
-2.16674 0.13079
-2.18594 0.12940
-2.20556 0.12806
-2.22558 0.12678
-2.24600 0.12554
-2.26526 0.12445
-2.28726 0.12360
-2.30955 0.12281
-2.33212 0.12208
-2.35495 0.12142
-2.37801 0.12082
-2.37867 0.12081
-2.40192 0.12024
-2.42536 0.11975
-2.44900 0.11932
-2.47278 0.11895
-2.49659 0.11866
-2.51949 0.11951
-2.54205 0.12043
-2.55625 0.12104
-2.57224 0.12313
-2.58769 0.12525
-2.60262 0.12739
-2.60609 0.12791
-2.60494 0.13076
-2.60384 0.13361
-2.60279 0.13647
-2.60195 0.13884
-2.59704 0.14161
-2.59232 0.14439
-2.58778 0.14717
-2.58776 0.14718
-2.58338 0.14996
-2.57917 0.15275
-2.57511 0.15554
-2.57119 0.15833
-2.56925 0.15974
-2.56039 0.16222
-2.55180 0.16471
-2.54347 0.16721
-2.53876 0.16866
-2.52752 0.17078
-2.51656 0.17293
-2.51458 0.17333
-2.50136 0.17502
-2.48840 0.17674
-2.47568 0.17849
-2.47333 0.17882
-2.46091 0.18061
-2.44874 0.18242
-2.43681 0.18426
-2.42511 0.18612
-2.41365 0.18801
-2.41012 0.18860
-2.39896 0.19052
-2.38802 0.19247
-2.37730 0.19443
-2.36680 0.19642
-2.35652 0.19843
-2.35334 0.19906
-2.34332 0.20110
-2.33351 0.20316
-2.32389 0.20523
-2.32211 0.20562
-2.31064 0.20722
-2.29935 0.20885
-2.29730 0.20915
-2.28464 0.21021
-2.27211 0.21130
-2.25971 0.21242
-2.25261 0.21308
-2.23929 0.21340
-2.22601 0.21375
-2.21278 0.21414
-2.19960 0.21457
-2.19293 0.21480
-2.17984 0.21528
-2.16680 0.21580
-2.15383 0.21636
-2.15376 0.21636
-2.14110 0.21715
-2.12853 0.21798
-2.11606 0.21884
-2.10369 0.21974
-2.09296 0.22055
-2.10524 0.21962
-2.11762 0.21873
-2.13011 0.21788
-2.14269 0.21705
-2.15376 0.21636
-2.16673 0.21580
-2.17977 0.21528
-2.19286 0.21480
-2.19293 0.21480
-2.20608 0.21435
-2.21929 0.21394
-2.23254 0.21357
-2.24584 0.21324
-2.25261 0.21308
-2.26493 0.21194
-2.27738 0.21083
-2.28997 0.20976
-2.29730 0.20915
-2.30856 0.20752
-2.32000 0.20591
-2.32211 0.20562
-2.33169 0.20354
-2.34147 0.20148
-2.35145 0.19944
-2.35334 0.19906
-2.36357 0.19705
-2.37400 0.19505
-2.38465 0.19308
-2.39552 0.19113
-2.40661 0.18920
-2.41012 0.18860
-2.42151 0.18671
-2.43313 0.18484
-2.44498 0.18299
-2.45708 0.18117
-2.46942 0.17938
-2.47333 0.17882
-2.48599 0.17707
-2.49891 0.17534
-2.51208 0.17364
-2.52551 0.17197
-2.53920 0.17034
-2.54353 0.16984
-2.55757 0.16824
-2.57187 0.16669
-2.58644 0.16516
-2.60127 0.16367
-2.61637 0.16222
-2.62115 0.16178
-2.63661 0.16037
-2.65233 0.15901
-2.66833 0.15769
-2.68459 0.15641
-2.70111 0.15517
-2.70633 0.15479
-2.72320 0.15361
-2.74032 0.15247
-2.75770 0.15138
-2.77532 0.15033
-2.79318 0.14933
-2.79882 0.14903
-2.81699 0.14809
-2.83538 0.14720
-2.85400 0.14637
-2.87282 0.14558
-2.89183 0.14485
-2.91104 0.14417
-2.93042 0.14355
-2.94996 0.14297
-2.96965 0.14246
-2.98947 0.14200
-3.00942 0.14159
-3.02947 0.14124
-3.04962 0.14095
-3.06984 0.14072
-3.09012 0.14054
-3.11044 0.14043
-3.13078 0.14037
-3.15114 0.14036
-3.17149 0.14042
-3.19181 0.14053
-3.21209 0.14071
-3.21715 0.14076
-3.23736 0.14100
-3.25749 0.14131
-3.27752 0.14166
-3.29745 0.14208
-3.31725 0.14255
-3.32341 0.14271
-3.31986 0.14552
-3.31644 0.14833
-3.31316 0.15115
-3.30999 0.15396
-3.30693 0.15678
-3.30600 0.15766
-3.30309 0.16048
-3.30027 0.16330
-3.29756 0.16612
-3.29493 0.16895
-3.29239 0.17177
-3.29161 0.17265
-3.28918 0.17548
-3.28682 0.17831
-3.28454 0.18113
-3.28233 0.18396
-3.28018 0.18679
-3.27952 0.18768
-3.27746 0.19051
-3.27546 0.19334
-3.27352 0.19617
-3.27163 0.19900
-3.26979 0.20183
-3.26923 0.20272
-3.26746 0.20555
-3.26574 0.20839
-3.26406 0.21122
-3.26243 0.21406
-3.26085 0.21690
-3.26036 0.21778
-3.25882 0.22062
-3.25733 0.22346
-3.25587 0.22630
-3.25445 0.22914
-3.25306 0.23198
-3.25263 0.23286
-3.25129 0.23570
-3.24998 0.23854
-3.24870 0.24138
-3.24745 0.24422
-3.24623 0.24707
-3.24585 0.24795
-3.24466 0.25080
-3.24351 0.25364
-3.24237 0.25648
-3.24126 0.25932
-3.24018 0.26217
-3.23985 0.26305
-3.23879 0.26590
-3.23776 0.26874
-3.23675 0.27159
-3.23576 0.27443
-3.23479 0.27727
-3.23449 0.27816
-3.23546 0.27532
-3.23644 0.27247
-3.23744 0.26963
-3.23847 0.26679
-3.23951 0.26394
-3.24058 0.26110
-3.24168 0.25826
-3.24279 0.25541
-3.24394 0.25257
-3.24511 0.24973
-3.24630 0.24689
-3.24753 0.24405
-3.24878 0.24121
-3.25006 0.23837
-3.25137 0.23552
-3.25272 0.23269
-3.25410 0.22985
-3.25551 0.22701
-3.25696 0.22417
-3.25845 0.22133
-3.25997 0.21849
-3.26036 0.21778
-3.25882 0.22062
-3.25733 0.22346
-3.25587 0.22630
-3.25445 0.22914
-3.25306 0.23198
-3.25171 0.23482
-3.25039 0.23766
-3.24910 0.24050
-3.24784 0.24334
-3.24661 0.24618
-3.24540 0.24902
-3.24423 0.25186
-3.24308 0.25470
-3.24195 0.25755
-3.24085 0.26039
-3.23978 0.26323
-3.23873 0.26608
-3.23770 0.26892
-3.23669 0.27176
-3.23570 0.27461
-3.23473 0.27745
-3.23449 0.27816
-3.23546 0.27532
-3.23644 0.27247
-3.23744 0.26963
-3.23847 0.26679
-3.23951 0.26394
-3.23985 0.26305
-3.24092 0.26021
-3.24202 0.25737
-3.24315 0.25453
-3.24430 0.25168
-3.24548 0.24884
-3.24585 0.24795
-3.24706 0.24511
-3.24831 0.24227
-3.24958 0.23943
-3.25088 0.23659
-3.25221 0.23375
-3.25263 0.23286
-3.25401 0.23002
-3.25542 0.22718
-3.25687 0.22435
-3.25835 0.22151
-3.25987 0.21867
-3.26036 0.21778
-3.26193 0.21495
-3.26355 0.21211
-3.26521 0.20928
-3.26692 0.20644
-3.26867 0.20361
-3.26923 0.20272
-3.27105 0.19989
-3.27292 0.19705
-3.27485 0.19422
-3.27683 0.19139
-3.27887 0.18856
-3.27952 0.18768
-3.28165 0.18485
-3.28384 0.18202
-3.28610 0.17919
-3.28843 0.17636
-3.29084 0.17354
-3.29161 0.17265
-3.29413 0.16983
-3.29673 0.16701
-3.29941 0.16418
-3.30220 0.16136
-3.30508 0.15854
-3.30600 0.15766
-3.31965 0.15577
-3.33363 0.15390
-3.34795 0.15207
-3.36262 0.15027
-3.37764 0.14850
-3.39302 0.14676
-3.40564 0.14540
-3.42451 0.14617
-3.44318 0.14699
-3.46163 0.14787
-3.47986 0.14879
-3.48438 0.14903
-3.50232 0.15001
-3.52002 0.15104
-3.53747 0.15212
-3.55467 0.15325
-3.55894 0.15354
-3.57582 0.15472
-3.59244 0.15594
-3.60880 0.15720
-3.62489 0.15851
-3.62888 0.15885
-3.64619 0.15959
-3.66335 0.16039
-3.66647 0.16054
-3.68422 0.16072
-3.70193 0.16095
-3.71958 0.16122
-3.72975 0.16141
-3.74717 0.16087
-3.76470 0.16039
-3.78233 0.15995
-3.80005 0.15956
-3.80908 0.15939
-3.82691 0.15907
-3.84481 0.15881
-3.86277 0.15861
-3.86286 0.15860
-3.88034 0.15789
-3.89798 0.15722
-3.91576 0.15661
-3.93063 0.15613
-3.94760 0.15504
-3.96480 0.15399
-3.98223 0.15299
-3.99989 0.15203
-4.01776 0.15113
-4.03079 0.15050
-4.04903 0.14968
-4.06745 0.14891
-4.08606 0.14819
-4.10485 0.14752
-4.12380 0.14690
-4.13758 0.14649
-4.15584 0.14546
-4.17435 0.14448
-4.19311 0.14355
-4.21211 0.14267
-4.23134 0.14185
-4.23943 0.14152
-4.25545 0.13976
-4.27188 0.13804
-4.28871 0.13636
-4.30596 0.13472
-4.32363 0.13311
-4.33113 0.13246
-4.34698 0.13050
-4.36330 0.12858
-4.38011 0.12669
-4.39742 0.12484
-4.41525 0.12303
-4.42845 0.12175
-4.44719 0.12001
-4.46648 0.11831
-4.48632 0.11666
-4.50673 0.11506
-4.52770 0.11350
-4.54319 0.11241
-4.56199 0.11047
-4.58146 0.10856
-4.60161 0.10670
-4.61889 0.10519
-4.63658 0.10301
-4.65504 0.10086
-4.67430 0.09874
-4.67440 0.09873
-4.69449 0.09666
-4.71546 0.09462
-4.73734 0.09263
-4.76017 0.09068
-4.77214 0.08971
-4.78828 0.08724
-4.80537 0.08479
-4.82346 0.08237
-4.83387 0.08104
-4.84740 0.07840
-4.86187 0.07577
-4.86486 0.07525
-4.87085 0.07243
-4.87733 0.06961
-4.88435 0.06679
-4.89199 0.06398
-4.89401 0.06327
-4.90254 0.06047
-4.91191 0.05766
-4.92223 0.05486
-4.93366 0.05207
-4.93671 0.05138
-4.94979 0.04860
-4.96445 0.04582
-4.98100 0.04306
-4.99981 0.04032
-5.00492 0.03963
-5.02725 0.03690
-5.05312 0.03420
-5.08342 0.03152
-5.11930 0.02888
-5.12932 0.02822
-5.03309 0.02719
-4.93032 0.02643
-4.82266 0.02596
-4.71239 0.02580
-4.60211 0.02596
-4.56807 0.02608
-4.46173 0.02664
-4.36085 0.02749
-4.26691 0.02860
-4.18068 0.02994
-4.10237 0.03148
-4.07950 0.03200
-4.01123 0.03377
-3.95001 0.03568
-3.89519 0.03771
-3.84610 0.03984
-3.80209 0.04206
-3.78928 0.04277
-3.75103 0.04508
-3.71656 0.04745
-3.68540 0.04987
-3.65715 0.05234
-3.63147 0.05484
-3.62391 0.05563
-3.60113 0.05818
-3.58027 0.06075
-3.56112 0.06335
-3.54347 0.06597
-3.52718 0.06861
-3.52235 0.06944
-3.50762 0.07210
-3.49394 0.07477
-3.48121 0.07746
-3.46934 0.08016
-3.45824 0.08287
-3.45492 0.08372
-3.44473 0.08644
-3.43517 0.08917
-3.42617 0.09191
-3.41770 0.09466
-3.40970 0.09741
-3.40729 0.09827
-3.39987 0.10103
-3.39284 0.10379
-3.38617 0.10656
-3.37984 0.10934
-3.37383 0.11212
-3.37201 0.11299
-3.36637 0.11577
-3.36100 0.11856
-3.35588 0.12135
-3.35098 0.12414
-3.34630 0.12694
-3.34488 0.12781
-3.34047 0.13061
-3.33624 0.13341
-3.33218 0.13622
-3.32829 0.13902
-3.32455 0.14183
-3.32341 0.14271
-3.34303 0.14325
-3.36249 0.14385
-3.38178 0.14451
-3.40089 0.14521
-3.40564 0.14540
-3.42451 0.14617
-3.44318 0.14699
-3.46163 0.14787
-3.47986 0.14879
-3.48438 0.14903
-3.50232 0.15001
-3.52002 0.15104
-3.53747 0.15212
-3.55467 0.15325
-3.55894 0.15354
-3.57582 0.15472
-3.59244 0.15594
-3.60880 0.15720
-3.62489 0.15851
-3.62888 0.15885
-3.64464 0.16020
-3.66013 0.16160
-3.67535 0.16303
-3.69030 0.16451
-3.70498 0.16601
-3.71940 0.16756
-3.73355 0.16914
-3.74744 0.17075
-3.75428 0.17156
-3.76778 0.17322
-3.78101 0.17491
-3.79399 0.17663
-3.80672 0.17838
-3.81920 0.18016
-3.82305 0.18072
-3.83521 0.18253
-3.84712 0.18437
-3.85880 0.18624
-3.87025 0.18813
-3.88146 0.19004
-3.88492 0.19065
-3.89585 0.19259
-3.90655 0.19456
-3.91704 0.19655
-3.92731 0.19856
-3.92985 0.19906
-3.93987 0.20110
-3.94968 0.20316
-3.95930 0.20523
-3.96872 0.20733
-3.97796 0.20944
-3.98701 0.21157
-3.99588 0.21371
-4.00457 0.21588
-4.01309 0.21805
-4.02144 0.22025
-4.02963 0.22246
-4.03765 0.22468
-4.04552 0.22692
-4.05323 0.22917
-4.06079 0.23144
-4.06820 0.23371
-4.07547 0.23601
-4.08260 0.23831
-4.08960 0.24062
-4.09646 0.24295
-4.10319 0.24529
-4.10485 0.24587
-4.11142 0.24823
-4.11787 0.25059
-4.12419 0.25296
-4.13040 0.25534
-4.13649 0.25773
-4.13838 0.25848
-4.14432 0.26089
-4.15016 0.26330
-4.15589 0.26572
-4.16152 0.26815
-4.16705 0.27059
-4.16875 0.27135
-4.17415 0.27380
-4.17945 0.27626
-4.18466 0.27872
-4.18978 0.28120
-4.19481 0.28368
-4.19636 0.28445
-4.20127 0.28694
-4.20610 0.28944
-4.21085 0.29194
-4.21551 0.29445
-4.22010 0.29696
-4.22461 0.29948
-4.22904 0.30201
-4.23096 0.30312
-4.22860 0.30035
-4.22620 0.29758
-4.22576 0.29708
-4.22561 0.29422
-4.22546 0.29136
-4.22531 0.28851
-4.22522 0.28686
-4.22817 0.28413
-4.23118 0.28140
-4.23425 0.27867
-4.23738 0.27595
-4.23900 0.27457
-4.24223 0.27185
-4.24552 0.26914
-4.24887 0.26643
-4.24889 0.26641
-4.25426 0.26394
-4.25974 0.26147
-4.26532 0.25901
-4.27003 0.25697
-4.27699 0.25473
-4.28408 0.25251
-4.29129 0.25030
-4.29862 0.24811
-4.30609 0.24593
-4.31312 0.24392
-4.32218 0.24210
-4.33137 0.24029
-4.34070 0.23851
-4.35017 0.23675
-4.35978 0.23501
-4.36518 0.23406
-4.37628 0.23285
-4.38749 0.23168
-4.39881 0.23053
-4.41025 0.22941
-4.42179 0.22832
-4.42570 0.22797
-4.42920 0.23071
-4.43262 0.23345
-4.43596 0.23620
-4.43922 0.23895
-4.44241 0.24170
-4.44339 0.24256
-4.44649 0.24532
-4.44952 0.24808
-4.45248 0.25084
-4.45537 0.25360
-4.45750 0.25567
-4.46029 0.25844
-4.46302 0.26121
-4.46569 0.26398
-4.46830 0.26675
-4.47039 0.26900
-4.47291 0.27177
-4.47538 0.27455
-4.47780 0.27733
-4.48017 0.28011
-4.48191 0.28219
-4.48421 0.28498
-4.48645 0.28776
-4.48865 0.29055
-4.49082 0.29333
-4.49135 0.29403
-4.49346 0.29682
-4.49553 0.29961
-4.49681 0.30135
-4.49882 0.30414
-4.50079 0.30694
-4.50273 0.30973
-4.50463 0.31253
-4.50615 0.31480
-4.50799 0.31759
-4.50980 0.32039
-4.51158 0.32319
-4.51333 0.32599
-4.51462 0.32809
-4.51632 0.33089
-4.51798 0.33370
-4.51963 0.33650
-4.52124 0.33931
-4.52253 0.34159
-4.52999 0.34029
-4.53751 0.33901
-4.54509 0.33774
-4.55272 0.33650
-4.56041 0.33528
-4.56457 0.33463
-4.57263 0.33368
-4.58073 0.33274
-4.58888 0.33183
-4.59707 0.33094
-4.60531 0.33007
-4.60876 0.32972
-4.61608 0.32818
-4.62347 0.32666
-4.63093 0.32516
-4.63845 0.32367
-4.64605 0.32221
-4.65336 0.32083
-4.66050 0.31911
-4.66772 0.31742
-4.67502 0.31573
-4.68114 0.31435
-4.68740 0.31227
-4.69375 0.31021
-4.70019 0.30816
-4.70022 0.30815
-4.70674 0.30611
-4.71334 0.30409
-4.72004 0.30207
-4.72682 0.30008
-4.73030 0.29907
-4.73470 0.29653
-4.73917 0.29399
-4.74372 0.29147
-4.74625 0.29008
-4.74831 0.28728
-4.75041 0.28449
-4.75255 0.28170
-4.75307 0.28104
-4.75348 0.27818
-4.75391 0.27533
-4.75435 0.27247
-4.75479 0.26962
-4.75490 0.26890
-4.75260 0.26611
-4.75025 0.26333
-4.74977 0.26277
-4.74531 0.26017
-4.74076 0.25756
-4.73611 0.25497
-4.73352 0.25354
-4.72566 0.25148
-4.71767 0.24945
-4.70954 0.24742
-4.70129 0.24542
-4.69704 0.24440
-4.68858 0.24242
-4.67998 0.24046
-4.67124 0.23852
-4.67120 0.23851
-4.66090 0.23703
-4.65048 0.23559
-4.63993 0.23416
-4.63106 0.23300
-4.61961 0.23196
-4.60806 0.23096
-4.59641 0.22998
-4.58466 0.22904
-4.57282 0.22812
-4.56177 0.22731
-4.54931 0.22691
-4.53681 0.22654
-4.52428 0.22622
-4.51170 0.22592
-4.49910 0.22567
-4.49209 0.22554
-4.47976 0.22618
-4.46751 0.22686
-4.45533 0.22757
-4.44322 0.22831
-4.43120 0.22909
-4.41926 0.22990
-4.40740 0.23074
-4.39564 0.23161
-4.38396 0.23252
-4.37238 0.23346
-4.36518 0.23406
-4.35549 0.23578
-4.34594 0.23753
-4.33654 0.23930
-4.32727 0.24109
-4.31814 0.24290
-4.31312 0.24392
-4.30553 0.24609
-4.29807 0.24827
-4.29075 0.25047
-4.28355 0.25268
-4.27647 0.25490
-4.27003 0.25697
-4.26437 0.25942
-4.25881 0.26188
-4.25335 0.26435
-4.24889 0.26641
-4.24553 0.26912
-4.24224 0.27184
-4.23902 0.27456
-4.23900 0.27457
-4.23584 0.27729
-4.23273 0.28001
-4.22969 0.28274
-4.22671 0.28547
-4.22522 0.28686
-4.22537 0.28971
-4.22552 0.29257
-4.22567 0.29543
-4.22576 0.29708
-4.22954 0.29970
-4.23326 0.30233
-4.23692 0.30496
-4.24051 0.30760
-4.24404 0.31024
-4.24752 0.31288
-4.24887 0.31393
-4.25291 0.31649
-4.25688 0.31905
-4.26079 0.32162
-4.26463 0.32419
-4.26558 0.32484
-4.26935 0.32741
-4.27307 0.33000
-4.27672 0.33259
-4.28032 0.33518
-4.28121 0.33583
-4.28474 0.33843
-4.28821 0.34103
-4.29163 0.34363
-4.29500 0.34624
-4.29584 0.34690
-4.29915 0.34951
-4.30240 0.35213
-4.30561 0.35475
-4.30878 0.35738
-4.30956 0.35803
-4.31267 0.36066
-4.31573 0.36330
-4.31874 0.36593
-4.32172 0.36858
-4.32465 0.37122
-4.32754 0.37387
-4.32861 0.37486
-4.33144 0.37751
-4.33424 0.38016
-4.33699 0.38282
-4.33971 0.38548
-4.34239 0.38814
-4.34504 0.39081
-4.34764 0.39347
-4.35022 0.39615
-4.35275 0.39882
-4.35526 0.40149
-4.35773 0.40417
-4.36017 0.40685
-4.36258 0.40954
-4.36495 0.41222
-4.36730 0.41491
-4.36961 0.41760
-4.37189 0.42029
-4.37415 0.42298
-4.37638 0.42568
-4.37858 0.42838
-4.38075 0.43108
-4.38129 0.43176
-4.38343 0.43446
-4.38554 0.43716
-4.38762 0.43987
-4.38968 0.44258
-4.39172 0.44529
-4.39235 0.44614
-4.39844 0.44525
-4.40455 0.44437
-4.41069 0.44351
-4.41686 0.44267
-4.42304 0.44185
-4.42498 0.44160
-4.43120 0.44080
-4.43743 0.44001
-4.44369 0.43924
-4.44998 0.43849
-4.45628 0.43776
-4.45825 0.43754
-4.46459 0.43683
-4.47094 0.43613
-4.47731 0.43546
-4.48370 0.43480
-4.49011 0.43416
-4.49211 0.43397
-4.49855 0.43335
-4.50500 0.43276
-4.51147 0.43218
-4.51796 0.43162
-4.52446 0.43107
-4.52649 0.43091
-4.53302 0.43039
-4.53956 0.42989
-4.54611 0.42941
-4.55268 0.42894
-4.55926 0.42850
-4.56132 0.42836
-4.56793 0.42794
-4.57454 0.42754
-4.58116 0.42716
-4.58780 0.42679
-4.59445 0.42645
-4.59653 0.42634
-4.60319 0.42602
-4.60986 0.42572
-4.61654 0.42544
-4.62323 0.42517
-4.62993 0.42493
-4.63202 0.42485
-4.63873 0.42463
-4.64544 0.42443
-4.65216 0.42425
-4.65889 0.42409
-4.66562 0.42395
-4.66772 0.42391
-4.67446 0.42379
-4.68120 0.42369
-4.68794 0.42361
-4.69468 0.42355
-4.70143 0.42351
-4.70353 0.42350
-4.71028 0.42348
-4.71703 0.42349
-4.72377 0.42351
-4.73052 0.42355
-4.73726 0.42361
-4.73937 0.42364
-4.73263 0.42357
-4.72588 0.42352
-4.71914 0.42349
-4.71239 0.42348
-4.70564 0.42349
-4.70353 0.42350
-4.71028 0.42348
-4.71703 0.42349
-4.72377 0.42351
-4.73052 0.42355
-4.73726 0.42361
-4.74400 0.42369
-4.75074 0.42379
-4.75748 0.42391
-4.76421 0.42405
-4.77093 0.42421
-4.77514 0.42432
-4.78185 0.42451
-4.78856 0.42471
-4.79276 0.42485
-4.78605 0.42463
-4.77933 0.42443
-4.77514 0.42432
-4.76841 0.42415
-4.76168 0.42400
-4.75495 0.42387
-4.74822 0.42375
-4.74148 0.42366
-4.73473 0.42359
-4.72799 0.42353
-4.72124 0.42350
-4.71450 0.42348
-4.70775 0.42349
-4.70353 0.42350
-4.70590 0.42617
-4.70824 0.42885
-4.71055 0.43153
-4.71284 0.43421
-4.71403 0.43562
-4.71563 0.43840
-4.71721 0.44117
-4.71877 0.44394
-4.72031 0.44671
-4.72183 0.44949
-4.72333 0.45226
-4.72419 0.45387
-4.72628 0.45657
-4.72835 0.45926
-4.73039 0.46196
-4.73241 0.46466
-4.73346 0.46609
-4.73413 0.46893
-4.73480 0.47177
-4.73545 0.47461
-4.73610 0.47745
-4.73629 0.47826
-4.73537 0.48109
-4.73446 0.48391
-4.73356 0.48673
-4.73267 0.48956
-4.73242 0.49037
-4.73031 0.49303
-4.72823 0.49569
-4.72616 0.49836
-4.72412 0.50103
-4.72305 0.50244
-4.71961 0.50471
-4.71619 0.50699
-4.71281 0.50927
-4.70946 0.51156
-4.70613 0.51385
-4.70510 0.51457
-4.70842 0.51227
-4.71176 0.50998
-4.71513 0.50770
-4.71854 0.50542
-4.72197 0.50315
-4.72305 0.50244
-4.72508 0.49977
-4.72713 0.49710
-4.72921 0.49444
-4.73130 0.49177
-4.73242 0.49037
-4.73330 0.48754
-4.73420 0.48472
-4.73511 0.48190
-4.73602 0.47907
-4.73629 0.47826
-4.73564 0.47542
-4.73499 0.47258
-4.73433 0.46974
-4.73366 0.46690
-4.73346 0.46609
-4.73146 0.46339
-4.72943 0.46069
-4.72738 0.45799
-4.72530 0.45529
-4.72419 0.45387
-4.72270 0.45110
-4.72119 0.44832
-4.71966 0.44555
-4.71811 0.44277
-4.71655 0.44000
-4.71496 0.43723
-4.71403 0.43562
-4.71176 0.43294
-4.70947 0.43026
-4.70714 0.42759
-4.70479 0.42491
-4.70353 0.42350
-4.69679 0.42353
-4.69004 0.42359
-4.68330 0.42366
-4.67656 0.42375
-4.66983 0.42387
-4.66772 0.42391
-4.66099 0.42404
-4.65426 0.42420
-4.64754 0.42437
-4.64083 0.42457
-4.63412 0.42478
-4.63202 0.42485
-4.62532 0.42509
-4.61863 0.42535
-4.61195 0.42563
-4.60527 0.42592
-4.59861 0.42624
-4.59653 0.42634
-4.58988 0.42668
-4.58324 0.42704
-4.57661 0.42742
-4.56999 0.42781
-4.56339 0.42823
-4.56132 0.42836
-4.55474 0.42880
-4.54816 0.42926
-4.54160 0.42973
-4.53506 0.43023
-4.52853 0.43074
-4.52649 0.43091
-4.51999 0.43144
-4.51349 0.43200
-4.50702 0.43257
-4.50056 0.43316
-4.49412 0.43377
-4.49211 0.43397
-4.48570 0.43460
-4.47930 0.43525
-4.47292 0.43592
-4.46657 0.43661
-4.46023 0.43731
-4.45825 0.43754
-4.45194 0.43826
-4.44566 0.43901
-4.43939 0.43977
-4.43314 0.44055
-4.42692 0.44134
-4.42498 0.44160
-4.41879 0.44241
-4.41262 0.44325
-4.40647 0.44410
-4.40035 0.44497
-4.39425 0.44586
-4.39235 0.44614
-4.39435 0.44885
-4.39633 0.45156
-4.39828 0.45428
-4.40022 0.45700
-4.40212 0.45972
-4.40272 0.46057
-4.40460 0.46329
-4.40645 0.46601
-4.40829 0.46874
-4.41010 0.47147
-4.41190 0.47420
-4.41245 0.47505
-4.41422 0.47778
-4.41597 0.48051
-4.41769 0.48324
-4.41940 0.48598
-4.42109 0.48871
-4.42161 0.48957
-4.42328 0.49231
-4.42492 0.49505
-4.42655 0.49779
-4.42816 0.50053
-4.42975 0.50327
-4.43025 0.50413
-4.43182 0.50687
-4.43337 0.50962
-4.43490 0.51237
-4.43642 0.51512
-4.43793 0.51787
-4.43839 0.51873
-4.43988 0.52148
-4.44134 0.52423
-4.44279 0.52698
-4.44423 0.52974
-4.44565 0.53249
-4.44609 0.53335
-4.44750 0.53611
-4.44888 0.53887
-4.45026 0.54163
-4.45162 0.54439
-4.45296 0.54715
-4.45338 0.54801
-4.45471 0.55077
-4.45603 0.55354
-4.45733 0.55630
-4.45862 0.55907
-4.45989 0.56183
-4.46116 0.56460
-4.46241 0.56737
-4.46365 0.57014
-4.46488 0.57291
-4.46609 0.57568
-4.46730 0.57845
-4.46849 0.58122
-4.46967 0.58399
-4.47084 0.58677
-4.47200 0.58954
-4.47315 0.59232
-4.47429 0.59509
-4.47542 0.59787
-4.47653 0.60065
-4.47764 0.60343
-4.47873 0.60621
-4.47901 0.60690