0.00000 0.00000
1.57080 0.00286
1.57080 0.00571
1.57080 0.00857
1.57080 0.01143
1.57080 0.01429
1.57080 0.01714
1.57080 0.02000
1.57080 0.02286
1.57080 0.02571
1.57080 0.02857
1.57080 0.03143
1.57080 0.03429
1.57080 0.03714
1.57080 0.04000
1.57080 0.04286
1.57080 0.04571
1.57080 0.04857
1.57080 0.05143
1.57080 0.05429
1.57080 0.05714
1.57080 0.06000
1.57080 0.06286
1.57080 0.06571
1.57080 0.06857
1.57080 0.07143
1.57041 0.07340
1.56761 0.07446
1.55988 0.07458
1.54444 0.07382
1.51814 0.07230
1.48571 0.07063
1.47763 0.07024
1.44219 0.06879
1.41953 0.06794
1.38054 0.06682
1.34134 0.06582
1.29905 0.06512
1.25591 0.06453
1.24299 0.06438
1.19865 0.06418
1.15412 0.06411
1.12843 0.06412
1.08436 0.06449
1.04086 0.06497
1.00636 0.06545
0.96540 0.06639
0.92563 0.06743
0.88814 0.06854
0.85264 0.07000
0.81863 0.07154
0.78609 0.07316
0.78369 0.07328
0.75482 0.07517
0.72739 0.07712
0.70133 0.07913
0.69864 0.07934
0.67634 0.08157
0.65524 0.08383
0.63525 0.08613
0.63403 0.08627
0.61753 0.08874
0.60193 0.09123
0.58801 0.09359
0.57630 0.09622
0.56522 0.09886
0.55735 0.10084
0.54950 0.10358
0.54205 0.10633
0.53866 0.10763
0.53384 0.11044
0.52927 0.11325
0.52868 0.11362
0.52624 0.11646
0.52454 0.11852
0.52380 0.12138
0.52361 0.12213
0.52348 0.12430
0.52176 0.12495
0.51597 0.12409
0.50342 0.12182
0.48905 0.11955
0.48112 0.11835
0.46458 0.11625
0.44744 0.11418
0.44573 0.11398
0.42650 0.11213
0.40664 0.11032
0.39384 0.10920
0.37161 0.10767
0.34875 0.10619
0.32526 0.10476
0.32251 0.10460
0.29728 0.10348
0.27150 0.10242
0.24521 0.10143
0.23067 0.10092
0.20297 0.10029
0.17494 0.09974
0.14662 0.09926
0.12077 0.09890
0.09188 0.09885
0.06298 0.09887
0.03412 0.09898
0.00534 0.09917
0.00000 0.09921
-0.02819 0.09976
-0.05605 0.10038
-0.08355 0.10108
-0.11065 0.10186
-0.12076 0.10217
-0.14633 0.10330
-0.17134 0.10449
-0.19577 0.10574
-0.21961 0.10705
-0.23067 0.10770
-0.25233 0.10932
-0.27335 0.11100
-0.29373 0.11272
-0.31349 0.11449
-0.32251 0.11533
-0.33985 0.11735
-0.35659 0.11941
-0.37275 0.12150
-0.38837 0.12362
-0.39383 0.12439
-0.40708 0.12671
-0.41986 0.12905
-0.43218 0.13142
-0.44406 0.13380
-0.44573 0.13415
-0.45546 0.13668
-0.46484 0.13923
-0.47388 0.14179
-0.48112 0.14392
-0.48794 0.14660
-0.49451 0.14928
-0.50085 0.15198
-0.50343 0.15310
-0.50788 0.15587
-0.51218 0.15865
-0.51597 0.16118
-0.51851 0.16401
-0.52097 0.16684
-0.52176 0.16776
-0.52280 0.17062
-0.52348 0.17254
-0.52361 0.17530
-0.52454 0.17595
-0.52868 0.17448
-0.53603 0.17193
-0.53866 0.17103
-0.54733 0.16858
-0.55625 0.16615
-0.55736 0.16585
-0.56778 0.16357
-0.57849 0.16130
-0.58800 0.15936
-0.60050 0.15730
-0.61333 0.15526
-0.62649 0.15325
-0.63403 0.15214
-0.64887 0.15037
-0.66406 0.14863
-0.67960 0.14693
-0.69551 0.14527
-0.69863 0.14495
-0.71593 0.14356
-0.73357 0.14222
-0.75153 0.14091
-0.76983 0.13966
-0.78369 0.13875
-0.80324 0.13783
-0.82305 0.13696
-0.84311 0.13615
-0.86340 0.13539
-0.88391 0.13469
-0.88814 0.13455
-0.90923 0.13418
-0.93042 0.13387
-0.95170 0.13363
-0.97306 0.13344
-0.99446 0.13331
-1.00637 0.13327
-1.02771 0.13351
-1.04897 0.13381
-1.07012 0.13417
-1.09115 0.13459
-1.11204 0.13507
-1.12842 0.13549
-1.14850 0.13633
-1.16833 0.13723
-1.18789 0.13819
-1.20718 0.13919
-1.22618 0.14025
-1.24298 0.14124
-1.26057 0.14263
-1.27781 0.14406
-1.29470 0.14554
-1.31125 0.14705
-1.32746 0.14861
-1.34135 0.15000
-1.35583 0.15184
-1.36996 0.15371
-1.38374 0.15561
-1.39719 0.15755
-1.41031 0.15950
-1.41952 0.16092
-1.43087 0.16311
-1.44192 0.16532
-1.45268 0.16755
-1.46315 0.16979
-1.47335 0.17205
-1.47763 0.17303
-1.48617 0.17547
-1.49448 0.17792
-1.50256 0.18038
-1.51042 0.18286
-1.51808 0.18534
-1.51814 0.18536
-1.52431 0.18798
-1.53031 0.19060
-1.53615 0.19323
-1.54183 0.19586
-1.54443 0.19710
-1.54864 0.19983
-1.55273 0.20257
-1.55671 0.20530
-1.55988 0.20754
-1.56247 0.21034
-1.56500 0.21315
-1.56746 0.21596
-1.56760 0.21613
-1.56888 0.21897
-1.57013 0.22182
-1.57040 0.22245
-1.57070 0.22530
-1.57080 0.22621
-1.57119 0.22726
-1.57399 0.22557
-1.57873 0.22292
-1.58171 0.22129
-1.58757 0.21874
-1.59357 0.21620
-1.59716 0.21471
-1.60441 0.21231
-1.61182 0.20992
-1.61941 0.20754
-1.62345 0.20630
-1.63233 0.20410
-1.64140 0.20191
-1.65067 0.19975
-1.66014 0.19760
-1.66397 0.19675
-1.67470 0.19481
-1.68565 0.19290
-1.69682 0.19101
-1.70821 0.18915
-1.71983 0.18731
-1.72207 0.18696
-1.73482 0.18537
-1.74779 0.18381
-1.76098 0.18228
-1.77439 0.18079
-1.78802 0.17932
-1.80025 0.17806
-1.81497 0.17691
-1.82989 0.17579
-1.84499 0.17471
-1.86028 0.17368
-1.87575 0.17268
-1.89139 0.17173
-1.89861 0.17131
-1.91491 0.17068
-1.93133 0.17010
-1.94786 0.16957
-1.96448 0.16908
-1.98120 0.16864
-1.99800 0.16824
-2.01317 0.16793
-2.03018 0.16790
-2.04720 0.16792
-2.06421 0.16798
-2.08119 0.16810
-2.09815 0.16827
-2.11508 0.16848
-2.13195 0.16874
-2.13523 0.16880
-2.15176 0.16938
-2.16818 0.17002
-2.18447 0.17070
-2.20063 0.17142
-2.21664 0.17219
-2.23251 0.17300
-2.24823 0.17386
-2.25346 0.17415
-2.26838 0.17532
-2.28311 0.17653
-2.29763 0.17777
-2.31195 0.17905
-2.32606 0.18037
-2.33996 0.18172
-2.35366 0.18310
-2.35791 0.18355
-2.37052 0.18521
-2.38290 0.18690
-2.39506 0.18861
-2.40701 0.19036
-2.41873 0.19213
-2.43023 0.19393
-2.44153 0.19575
-2.44296 0.19598
-2.45307 0.19803
-2.46297 0.20010
-2.47266 0.20219
-2.48216 0.20430
-2.49146 0.20642
-2.50057 0.20856
-2.50756 0.21025
-2.51533 0.21259
-2.52292 0.21494
-2.53035 0.21730
-2.53762 0.21968
-2.54473 0.22206
-2.55169 0.22446
-2.55359 0.22513
-2.55932 0.22767
-2.56493 0.23022
-2.57041 0.23278
-2.57578 0.23535
-2.58102 0.23792
-2.58423 0.23953
-2.58827 0.24221
-2.59221 0.24490
-2.59607 0.24760
-2.59985 0.25030
-2.60293 0.25254
-2.60556 0.25532
-2.60813 0.25810
-2.61064 0.26088
-2.61291 0.26344
-2.61436 0.26627
-2.61579 0.26910
-2.61705 0.27166
-2.61757 0.27451
-2.61798 0.27681
-2.61811 0.27867
-2.61983 0.27717
-2.62312 0.27446
-2.62562 0.27244
-2.62983 0.26982
-2.63412 0.26721
-2.63817 0.26479
-2.64350 0.26230
-2.64893 0.25982
-2.65447 0.25735
-2.66011 0.25488
-2.66047 0.25473
-2.66712 0.25242
-2.67388 0.25012
-2.68077 0.24784
-2.68779 0.24557
-2.69494 0.24331
-2.69586 0.24302
-2.70401 0.24095
-2.71230 0.23890
-2.72073 0.23686
-2.72930 0.23485
-2.73803 0.23285
-2.74690 0.23086
-2.74776 0.23068
-2.75757 0.22892
-2.76754 0.22719
-2.77766 0.22548
-2.78793 0.22380
-2.79835 0.22213
-2.80894 0.22050
-2.81908 0.21897
-2.83061 0.21762
-2.84228 0.21630
-2.85410 0.21501
-2.86606 0.21375
-2.87815 0.21251
-2.89039 0.21132
-2.90276 0.21015
-2.91092 0.20940
-2.92397 0.20855
-2.93712 0.20773
-2.95037 0.20695
-2.96372 0.20620
-2.97717 0.20549
-2.99071 0.20482
-3.00433 0.20418
-3.01803 0.20359
-3.02083 0.20347
-3.03482 0.20319
-3.04884 0.20296
-3.06289 0.20276
-3.07697 0.20260
-3.09106 0.20249
-3.10517 0.20241
-3.11928 0.20237
-3.13340 0.20238
-3.14159 0.20240
-3.15560 0.20274
-3.16955 0.20313
-3.18345 0.20355
-3.19728 0.20401
-3.21106 0.20451
-3.22476 0.20505
-3.23839 0.20562
-3.25194 0.20624
-3.26236 0.20674
-3.27537 0.20768
-3.28826 0.20866
-3.30103 0.20968
-3.31367 0.21073
-3.32619 0.21181
-3.33858 0.21292
-3.35084 0.21407
-3.36296 0.21525
-3.37226 0.21618
-3.38354 0.21766
-3.39467 0.21916
-3.40564 0.22069
-3.41646 0.22225
-3.42713 0.22383
-3.43764 0.22544
-3.44801 0.22707
-3.45823 0.22872
-3.46411 0.22970
-3.47334 0.23160
-3.48241 0.23353
-3.49134 0.23547
-3.50013 0.23743
-3.50876 0.23941
-3.51726 0.24141
-3.52561 0.24343
-3.53383 0.24546
-3.53542 0.24586
-3.54264 0.24809
-3.54973 0.25034
-3.55670 0.25259
-3.56354 0.25486
-3.57026 0.25714
-3.57686 0.25944
-3.58334 0.26174
-3.58732 0.26318
-3.59276 0.26565
-3.59809 0.26813
-3.60332 0.27061
-3.60846 0.27310
-3.61351 0.27560
-3.61847 0.27811
-3.62271 0.28030
-3.62663 0.28294
-3.63048 0.28558
-3.63425 0.28822
-3.63796 0.29087
-3.64159 0.29352
-3.64502 0.29606
-3.64767 0.29881
-3.65028 0.30156
-3.65283 0.30431
-3.65535 0.30706
-3.65756 0.30953
-3.65916 0.31234
-3.66073 0.31516
-3.66227 0.31797
-3.66335 0.31998
-3.66407 0.32283
-3.66478 0.32568
-3.66508 0.32691
-3.66520 0.32977
-3.66520 0.32998
-3.66613 0.32909
-3.66850 0.32634
-3.67028 0.32430
-3.67341 0.32163
-3.67659 0.31896
-3.67982 0.31630
-3.68025 0.31594
-3.68431 0.31339
-3.68844 0.31083
-3.69263 0.30829
-3.69689 0.30575
-3.69895 0.30454
-3.70409 0.30214
-3.70930 0.29976
-3.71461 0.29738
-3.71999 0.29501
-3.72547 0.29264
-3.72959 0.29089
-3.73597 0.28872
-3.74245 0.28655
-3.74902 0.28439
-3.75569 0.28225
-3.76247 0.28012
-3.76935 0.27801
-3.77563 0.27611
-3.78340 0.27422
-3.79128 0.27234
-3.79928 0.27048
-3.80738 0.26864
-3.81559 0.26682
-3.82392 0.26501
-3.83236 0.26322
-3.84022 0.26160
-3.84949 0.26007
-3.85886 0.25857
-3.86834 0.25709
-3.87793 0.25564
-3.88763 0.25420
-3.89744 0.25280
-3.90736 0.25141
-3.91739 0.25006
-3.92528 0.24902
-3.93596 0.24796
-3.94673 0.24692
-3.95758 0.24592
-3.96853 0.24495
-3.97956 0.24400
-3.99067 0.24309
-4.00187 0.24220
-4.01315 0.24135
-4.02450 0.24053
-4.02973 0.24016
-4.04145 0.23966
-4.05322 0.23918
-4.06503 0.23874
-4.07689 0.23833
-4.08878 0.23796
-4.10071 0.23762
-4.11267 0.23731
-4.12467 0.23704
-4.13668 0.23680
-4.14796 0.23661
-4.16002 0.23672
-4.17207 0.23686
-4.18411 0.23703
-4.19613 0.23724
-4.20812 0.23748
-4.22009 0.23776
-4.23202 0.23807
-4.24393 0.23842
-4.25580 0.23880
-4.26763 0.23921
-4.27002 0.23929
-4.28155 0.24002
-4.29301 0.24077
-4.30440 0.24156
-4.31572 0.24237
-4.32696 0.24322
-4.33812 0.24410
-4.34919 0.24501
-4.36019 0.24595
-4.37110 0.24691
-4.38192 0.24791
-4.38458 0.24816
-4.39483 0.24945
-4.40498 0.25076
-4.41503 0.25210
-4.42496 0.25346
-4.43479 0.25484
-4.44451 0.25625
-4.45413 0.25769
-4.46363 0.25915
-4.47303 0.26063
-4.48233 0.26213
-4.48294 0.26224
-4.49151 0.26399
-4.49997 0.26576
-4.50832 0.26755
-4.51655 0.26937
-4.52467 0.27119
-4.53269 0.27304
-4.54059 0.27490
-4.54839 0.27678
-4.55609 0.27868
-4.56111 0.27994
-4.56794 0.28206
-4.57466 0.28419
-4.58128 0.28634
-4.58780 0.28849
-4.59423 0.29066
-4.60056 0.29284
-4.60679 0.29503
-4.61294 0.29724
-4.61899 0.29945
-4.61922 0.29953
-4.62444 0.30192
-4.62958 0.30432
-4.63464 0.30672
-4.63961 0.30913
-4.64452 0.31155
-4.64934 0.31398
-4.65409 0.31641
-4.65877 0.31885
-4.65974 0.31936
-4.66358 0.32194
-4.66736 0.32452
-4.67107 0.32711
-4.67474 0.32970
-4.67834 0.33229
-4.68189 0.33489
-4.68538 0.33750
-4.68602 0.33798
-4.68870 0.34069
-4.69134 0.34340
-4.69394 0.34612
-4.69650 0.34883
-4.69901 0.35155
-4.70147 0.35425
-4.70318 0.35704
-4.70486 0.35983
-4.70652 0.36263
-4.70815 0.36542
-4.70920 0.36724
-4.71002 0.37008
-4.71082 0.37293
-4.71162 0.37577
-4.71239 0.37857
-4.71279 0.37870
-4.71455 0.37593
-4.71558 0.37433
-4.71797 0.37161
-4.72040 0.36890
-4.72287 0.36619
-4.72331 0.36571
-4.72649 0.36310
-4.72971 0.36049
-4.73298 0.35789
-4.73631 0.35529
-4.73876 0.35339
-4.74284 0.35092
-4.74699 0.34846
-4.75119 0.34601
-4.75546 0.34356
-4.75979 0.34111
-4.76417 0.33868
-4.76504 0.33820
-4.77018 0.33593
-4.77538 0.33366
-4.78065 0.33141
-4.78600 0.32916
-4.79142 0.32692
-4.79692 0.32470
-4.80249 0.32248
-4.80556 0.32128
-4.81188 0.31926
-4.81829 0.31726
-4.82478 0.31527
-4.83135 0.31330
-4.83800 0.31134
-4.84474 0.30939
-4.85156 0.30746
-4.85846 0.30554
-4.86366 0.30412
-4.87129 0.30244
-4.87900 0.30078
-4.88680 0.29914
-4.89469 0.29752
-4.90266 0.29592
-4.91071 0.29433
-4.91886 0.29277
-4.92709 0.29122
-4.93540 0.28970
-4.94184 0.28854
-4.95077 0.28729
-4.95977 0.28607
-4.96886 0.28487
-4.97802 0.28370
-4.98725 0.28254
-4.99656 0.28142
-5.00595 0.28031
-5.01540 0.27924
-5.02493 0.27818
-5.03454 0.27716
-5.04020 0.27656
-5.05021 0.27584
-5.06027 0.27515
-5.07038 0.27448
-5.08054 0.27385
-5.09074 0.27324
-5.10099 0.27266
-5.11128 0.27210
-5.12162 0.27158
-5.13199 0.27109
-5.14240 0.27062
-5.15284 0.27019
-5.15476 0.27011
-5.16533 0.26999
-5.17591 0.26989
-5.18649 0.26983
-5.19708 0.26980
-5.20767 0.26979
-5.21826 0.26982
-5.22885 0.26988
-5.23943 0.26997
-5.25000 0.27009
-5.26056 0.27023
-5.27111 0.27041
-5.27682 0.27052
-5.28721 0.27102
-5.29756 0.27155
-5.30787 0.27211
-5.31813 0.27270
-5.32835 0.27331
-5.33852 0.27395
-5.34865 0.27463
-5.35872 0.27533
-5.36874 0.27605
-5.37871 0.27681
-5.38862 0.27759
-5.39505 0.27812
-5.40453 0.27921
-5.41394 0.28032
-5.42327 0.28146
-5.43252 0.28262
-5.44170 0.28381
-5.45080 0.28502
-5.45982 0.28625
-5.46877 0.28751
-5.47763 0.28878
-5.48642 0.29009
-5.49513 0.29141
-5.49949 0.29209
-5.50759 0.29368
-5.51560 0.29529
-5.52352 0.29692
-5.53135 0.29857
-5.53910 0.30024
-5.54676 0.30193
-5.55434 0.30363
-5.56183 0.30535
-5.56924 0.30709
-5.57656 0.30884
-5.58380 0.31062
-5.58455 0.31080
-5.59111 0.31280
-5.59759 0.31481
-5.60398 0.31683
-5.61029 0.31886
-5.61652 0.32091
-5.62268 0.32297
-5.62875 0.32504
-5.63475 0.32712
-5.64067 0.32922
-5.64651 0.33132
-5.64916 0.33229
-5.65425 0.33459
-5.65928 0.33689
-5.66423 0.33921
-5.66912 0.34153
-5.67395 0.34386
-5.67871 0.34620
-5.68340 0.34854
-5.68803 0.35090
-5.69260 0.35326
-5.69518 0.35461
-5.69899 0.35712
-5.70275 0.35964
-5.70646 0.36217
-5.71011 0.36470
-5.71372 0.36723
-5.71727 0.36977
-5.72078 0.37231
-5.72424 0.37486
-5.72583 0.37605
-5.72855 0.37871
-5.73124 0.38138
-5.73389 0.38405
-5.73650 0.38673
-5.73908 0.38940
-5.74162 0.39208
-5.74413 0.39476
-5.74452 0.39519
-5.74634 0.39796
-5.74812 0.40072
-5.74989 0.40349
-5.75163 0.40626
-5.75334 0.40903
-5.75450 0.41092
-5.75554 0.41374
-5.75657 0.41657
-5.75758 0.41939
-5.75858 0.42222
-5.75865 0.42240
-5.75905 0.42525
-5.75944 0.42811
-5.75957 0.42907
-5.75970 0.43062
-5.76104 0.42782
-5.76143 0.42702
-5.76326 0.42427
-5.76512 0.42152
-5.76701 0.41878
-5.76722 0.41848
-5.76972 0.41582
-5.77226 0.41316
-5.77483 0.41051
-5.77744 0.40786
-5.77976 0.40552
-5.78304 0.40299
-5.78636 0.40046
-5.78972 0.39794
-5.79313 0.39542
-5.79658 0.39291
-5.80007 0.39040
-5.80207 0.38898
-5.80623 0.38663
-5.81045 0.38428
-5.81472 0.38193
-5.81904 0.37960
-5.82342 0.37727
-5.82785 0.37495
-5.83233 0.37264
-5.83687 0.37033
-5.83745 0.37004
-5.84264 0.36792
-5.84788 0.36580
-5.85319 0.36370
-5.85856 0.36161
-5.86399 0.35953
-5.86948 0.35746
-5.87504 0.35540
-5.88066 0.35335
-5.88634 0.35131
-5.88935 0.35025
-5.89567 0.34844
-5.90206 0.34664
-5.90851 0.34485
-5.91503 0.34308
-5.92161 0.34132
-5.92827 0.33958
-5.93499 0.33786
-5.94178 0.33615
-5.94864 0.33445
-5.95557 0.33277
-5.96067 0.33156
-5.96817 0.33014
-5.97573 0.32874
-5.98336 0.32736
-5.99105 0.32601
-5.99881 0.32467
-6.00663 0.32334
-6.01451 0.32204
-6.02246 0.32076
-6.03047 0.31950
-6.03854 0.31827
-6.04668 0.31705
-6.05251 0.31619
-6.06108 0.31527
-6.06969 0.31437
-6.07835 0.31349
-6.08706 0.31264
-6.09582 0.31181
-6.10462 0.31101
-6.11347 0.31022
-6.12236 0.30947
-6.13130 0.30874
-6.14028 0.30803
-6.14929 0.30735
-6.15835 0.30669
-6.16242 0.30640
-6.17168 0.30606
-6.18096 0.30574
-6.19026 0.30544
-6.19958 0.30518
-6.20891 0.30494
-6.21826 0.30472
-6.22762 0.30454
-6.23699 0.30437
-6.24637 0.30424
-6.25575 0.30413
-6.26515 0.30405
-6.27454 0.30400
-6.28319 0.30397
-6.29254 0.30425
-6.30187 0.30455
-6.31118 0.30488
-6.32048 0.30524
-6.32975 0.30562
-6.33900 0.30603
-6.34822 0.30646
-6.35741 0.30692
-6.36658 0.30740
-6.37571 0.30792
-6.38482 0.30845
-6.39389 0.30902
-6.40293 0.30960
-6.40395 0.30967
-6.41271 0.31055
-6.42142 0.31146
-6.43008 0.31239
-6.43869 0.31335
-6.44724 0.31433
-6.45574 0.31533
-6.46419 0.31635
-6.47258 0.31739
-6.48092 0.31846
-6.48920 0.31955
-6.49742 0.32066
-6.50558 0.32180
-6.51369 0.32295
-6.51386 0.32297
-6.52151 0.32440
-6.52910 0.32584
-6.53662 0.32730
-6.54407 0.32878
-6.55146 0.33027
-6.55878 0.33179
-6.56603 0.33332
-6.57321 0.33487
-6.58033 0.33643
-6.58739 0.33802
-6.59437 0.33962
-6.60129 0.34123
-6.60570 0.34228
-6.61201 0.34414
-6.61826 0.34602
-6.62444 0.34791
-6.63055 0.34981
-6.63660 0.35172
-6.64258 0.35365
-6.64849 0.35559
-6.65434 0.35754
-6.66013 0.35951
-6.66585 0.36148
-6.67151 0.36347
-6.67702 0.36543
-6.68200 0.36763
-6.68692 0.36984
-6.69178 0.37205
-6.69659 0.37428
-6.70134 0.37651
-6.70603 0.37875
-6.71067 0.38100
-6.71525 0.38326
-6.71978 0.38552
-6.72426 0.38780
-6.72868 0.39008
-6.72891 0.39020
-6.73270 0.39264
-6.73644 0.39509
-6.74013 0.39755
-6.74377 0.40001
-6.74737 0.40247
-6.75093 0.40494
-6.75444 0.40742
-6.75792 0.40990
-6.76134 0.41238
-6.76431 0.41455
-6.76706 0.41717
-6.76979 0.41979
-6.77248 0.42241
-6.77514 0.42504
-6.77776 0.42767
-6.78036 0.43030
-6.78292 0.43293
-6.78545 0.43557
-6.78661 0.43680
-6.78851 0.43953
-6.79038 0.44226
-6.79223 0.44500
-6.79406 0.44774
-6.79586 0.45048
-6.79765 0.45322
-6.79916 0.45556
-6.80032 0.45837
-6.80148 0.46118
-6.80262 0.46399
-6.80374 0.46679
-6.80486 0.46960
-6.80494 0.46983
-6.80549 0.47267
-6.80604 0.47552
-6.80657 0.47836
-6.80667 0.47886
-6.80678 0.48172
-6.80680 0.48224
-6.80772 0.47983
-6.80914 0.47705
-6.81057 0.47428
-6.81187 0.47179
-6.81386 0.46909
-6.81588 0.46639
-6.81792 0.46369
-6.81998 0.46100
-6.82185 0.45859
-6.82451 0.45600
-6.82719 0.45342
-6.82991 0.45084
-6.83266 0.44827
-6.83544 0.44569
-6.83825 0.44312
-6.84054 0.44106
-6.84396 0.43863
-6.84742 0.43620
-6.85092 0.43379
-6.85445 0.43137
-6.85803 0.42896
-6.86165 0.42656
-6.86530 0.42417
-6.86900 0.42177
-6.87119 0.42038
-6.87548 0.41816
-6.87983 0.41595
-6.88422 0.41375
-6.88865 0.41156
-6.89314 0.40937
-6.89767 0.40719
-6.90225 0.40502
-6.90688 0.40286
-6.91156 0.40071
-6.91629 0.39857
-6.91721 0.39815
-6.92250 0.39622
-6.92784 0.39429
-6.93324 0.39238
-6.93868 0.39047
-6.94418 0.38858
-6.94973 0.38670
-6.95534 0.38484
-6.96100 0.38298
-6.96671 0.38114
-6.97248 0.37931
-6.97831 0.37749
-6.98181 0.37641
-6.98817 0.37484
-6.99457 0.37328
-7.00103 0.37174
-7.00754 0.37022
-7.01411 0.36871
-7.02073 0.36722
-7.02740 0.36574
-7.03413 0.36428
-7.04091 0.36283
-7.04774 0.36141
-7.05463 0.35999
-7.06157 0.35860
-7.06688 0.35756
-7.07425 0.35644
-7.08167 0.35535
-7.08913 0.35428
-7.09664 0.35323
-7.10419 0.35220
-7.11179 0.35118
-7.11943 0.35019
-7.12712 0.34922
-7.13484 0.34827
-7.14261 0.34734
-7.15042 0.34643
-7.15827 0.34554
-7.16616 0.34468
-7.17132 0.34412
-7.17947 0.34356
-7.18764 0.34303
-7.19584 0.34251
-7.20407 0.34202
-7.21231 0.34155
-7.22058 0.34111
-7.22887 0.34069
-7.23718 0.34029
-7.24551 0.33992
-7.25386 0.33957
-7.26222 0.33924
-7.27060 0.33894
-7.27899 0.33866
-7.28740 0.33840
-7.28955 0.33834
-7.29799 0.33839
-7.30643 0.33847
-7.31487 0.33857
-7.32330 0.33870
-7.33172 0.33885
-7.34013 0.33902
-7.34854 0.33922
-7.35693 0.33944
-7.36532 0.33968
-7.37369 0.33995
-7.38204 0.34025
-7.39039 0.34056
-7.39871 0.34090
-7.40702 0.34127
-7.41161 0.34148
-7.41973 0.34215
-7.42782 0.34285
-7.43588 0.34356
-7.44390 0.34431
-7.45189 0.34507
-7.45984 0.34585
-7.46776 0.34666
-7.47564 0.34749
-7.48348 0.34834
-7.49128 0.34921
-7.49905 0.35010
-7.50677 0.35101
-7.51445 0.35194
-7.52209 0.35290
-7.52617 0.35342
-7.53344 0.35466
-7.54065 0.35592
-7.54782 0.35720
-7.55493 0.35850
-7.56200 0.35981
-7.56901 0.36114
-7.57597 0.36249
-7.58287 0.36386
-7.58973 0.36525
-7.59653 0.36665
-7.60328 0.36807
-7.60998 0.36950
-7.61663 0.37095
-7.62322 0.37242
-7.62453 0.37272
-7.63064 0.37443
-7.63670 0.37617
-7.64270 0.37791
-7.64865 0.37967
-7.65454 0.38144
-7.66037 0.38322
-7.66616 0.38502
-7.67188 0.38683
-7.67756 0.38865
-7.68318 0.39049
-7.68875 0.39234
-7.69426 0.39420
-7.69973 0.39607
-7.70271 0.39710
-7.70760 0.39919
-7.71245 0.40129
-7.71725 0.40340
-7.72199 0.40551
-7.72669 0.40764
-7.73134 0.40977
-7.73593 0.41191
-7.74049 0.41407
-7.74499 0.41623
-7.74945 0.41840
-7.75386 0.42057
-7.75823 0.42276
-7.76081 0.42406
-7.76459 0.42643
-7.76832 0.42880
-7.77201 0.43118
-7.77566 0.43356
-7.77927 0.43594
-7.78284 0.43834
-7.78637 0.44074
-7.78986 0.44314
-7.79332 0.44555
-7.79674 0.44796
-7.80012 0.45038
-7.80133 0.45126
-7.80413 0.45382
-7.80690 0.45638
-7.80963 0.45895
-7.81234 0.46152
-7.81501 0.46410
-7.81766 0.46668
-7.82028 0.46926
-7.82286 0.47184
-7.82542 0.47443
-7.82761 0.47667
-7.82959 0.47937
-7.83154 0.48206
-7.83347 0.48476
-7.83538 0.48747
-7.83727 0.49017
-7.83914 0.49288
-7.84099 0.49558
-7.84281 0.49829
-7.84306 0.49867
-7.84434 0.50145
-7.84561 0.50424
-7.84686 0.50702
-7.84810 0.50981
-7.84932 0.51260
-7.85053 0.51539
-7.85079 0.51600
-7.85148 0.51883
-7.85216 0.52167
-7.85283 0.52450
-7.85349 0.52734
-7.85359 0.52775
-7.85379 0.53060
-7.85398 0.53335
-7.85438 0.53256
-7.85547 0.52976
-7.85657 0.52696
-7.85717 0.52544
-7.85876 0.52271
-7.86037 0.51998
-7.86199 0.51725
-7.86363 0.51452
-7.86490 0.51242
-7.86707 0.50979
-7.86926 0.50716
-7.87147 0.50453
-7.87371 0.50190
-7.87597 0.49928
-7.87825 0.49666
-7.88035 0.49428
-7.88318 0.49179
-7.88604 0.48930
-7.88893 0.48681
-7.89184 0.48433
-7.89479 0.48185
-7.89777 0.47938
-7.90078 0.47691
-7.90382 0.47445
-7.90663 0.47220
-7.91022 0.46989
-7.91385 0.46760
-7.91751 0.46531
-7.92121 0.46302
-7.92495 0.46075
-7.92872 0.45848
-7.93253 0.45621
-7.93638 0.45395
-7.94027 0.45170
-7.94419 0.44946
-7.94715 0.44779
-7.95161 0.44574
-7.95611 0.44370
-7.96066 0.44167
-7.96524 0.43965
-7.96987 0.43764
-7.97454 0.43564
-7.97925 0.43364
-7.98401 0.43166
-7.98880 0.42969
-7.99365 0.42773
-7.99854 0.42577
-8.00347 0.42383
-8.00526 0.42314
-8.01067 0.42142
-8.01613 0.41972
-8.02163 0.41803
-8.02718 0.41636
-8.03277 0.41470
-8.03841 0.41305
-8.04409 0.41141
-8.04982 0.40979
-8.05559 0.40818
-8.06141 0.40658
-8.06727 0.40500
-8.07318 0.40343
-8.07913 0.40188
-8.08343 0.40078
-8.08981 0.39949
-8.09622 0.39822
-8.10268 0.39697
-8.10918 0.39573
-8.11572 0.39451
-8.12230 0.39331
-8.12892 0.39212
-8.13558 0.39095
-8.14228 0.38980
-8.14901 0.38867
-8.15579 0.38755
-8.16261 0.38645
-8.16946 0.38537
-8.17635 0.38431
-8.18180 0.38349
-8.18898 0.38273
-8.19620 0.38198
-8.20344 0.38126
-8.21071 0.38056
-8.21800 0.37987
-8.22533 0.37921
-8.23267 0.37856
-8.24005 0.37794
-8.24744 0.37734
-8.25486 0.37676
-8.26230 0.37620
-8.26977 0.37566
-8.27725 0.37514
-8.28476 0.37464
-8.29228 0.37416
-8.29635 0.37392
-8.30398 0.37375
-8.31162 0.37360
-8.31926 0.37348
-8.32691 0.37338
-8.33456 0.37330
-8.34221 0.37324
-8.34986 0.37321
-8.35752 0.37319
-8.36518 0.37320
-8.37283 0.37323
-8.38048 0.37328
-8.38813 0.37336
-8.39578 0.37345
-8.40342 0.37357
-8.41106 0.37371
-8.41841 0.37386
-8.42595 0.37432
-8.43347 0.37480
-8.44097 0.37530
-8.44845 0.37583
-8.45591 0.37637
-8.46334 0.37693
-8.47076 0.37752
-8.47815 0.37812
-8.48551 0.37875
-8.49286 0.37940
-8.50017 0.38006
-8.50746 0.38075
-8.51473 0.38146
-8.52196 0.38218
-8.52917 0.38293
-8.53635 0.38370
-8.53664 0.38373
-8.54356 0.38478
-8.55043 0.38585
-8.55727 0.38694
-8.56407 0.38804
-8.57083 0.38917
-8.57755 0.39031
-8.58423 0.39147
-8.59087 0.39264
-8.59748 0.39384
-8.60404 0.39505
-8.61056 0.39627
-8.61704 0.39752
-8.62348 0.39878
-8.62988 0.40005
-8.63624 0.40135
-8.64109 0.40235
-8.64702 0.40391
-8.65291 0.40549
-8.65875 0.40708
-8.66455 0.40868
-8.67030 0.41030
-8.67601 0.41193
-8.68167 0.41357
-8.68729 0.41523
-8.69286 0.41690
-8.69839 0.41858
-8.70387 0.42028
-8.70931 0.42199
-8.71471 0.42371
-8.72006 0.42544
-8.72536 0.42718
-8.72615 0.42744
-8.73098 0.42941
-8.73577 0.43139
-8.74051 0.43338
-8.74522 0.43538
-8.74987 0.43739
-8.75449 0.43940
-8.75906 0.44143
-8.76359 0.44347
-8.76808 0.44551
-8.77253 0.44756
-8.77694 0.44963
-8.78131 0.45170
-8.78564 0.45378
-8.78992 0.45586
-8.79075 0.45627
-8.79452 0.45854
-8.79826 0.46083
-8.80196 0.46312
-8.80563 0.46541
-8.80926 0.46771
-8.81285 0.47002
-8.81641 0.47233
-8.81993 0.47465
-8.82342 0.47698
-8.82688 0.47931
-8.83030 0.48165
-8.83369 0.48399
-8.83678 0.48615
-8.83962 0.48865
-8.84243 0.49115
-8.84522 0.49365
-8.84797 0.49616
-8.85070 0.49868
-8.85341 0.50120
-8.85608 0.50372
-8.85873 0.50624
-8.86135 0.50877
-8.86395 0.51130
-8.86652 0.51384
-8.86742 0.51473
-8.86947 0.51739
-8.87150 0.52004
-8.87350 0.52270
-8.87549 0.52536
-8.87746 0.52803
-8.87940 0.53069
-8.88133 0.53336
-8.88324 0.53603
-8.88513 0.53870
-8.88612 0.54010
-8.88749 0.54286
-8.88886 0.54562
-8.89021 0.54838
-8.89155 0.55114
-8.89287 0.55390
-8.89418 0.55666
-8.89548 0.55943
-8.89609 0.56074
-8.89690 0.56356
-8.89770 0.56638
-8.89849 0.56921
-8.89928 0.57203
-8.90005 0.57485
-8.90024 0.57554
-8.90056 0.57839
-8.90089 0.58124
-8.90117 0.58375
-8.90130 0.58499
-8.90214 0.58218
-8.90298 0.57936
-8.90302 0.57924
-8.90429 0.57647
-8.90556 0.57371
-8.90685 0.57095
-8.90816 0.56819
-8.90881 0.56683
-8.91058 0.56415
-8.91238 0.56148
-8.91419 0.55881
-8.91601 0.55614
-8.91786 0.55347
-8.91972 0.55080
-8.92135 0.54849
-8.92371 0.54594
-8.92609 0.54339
-8.92849 0.54085
-8.93091 0.53831
-8.93335 0.53577
-8.93582 0.53323
-8.93831 0.53070
-8.94083 0.52818
-8.94337 0.52565
-8.94366 0.52537
-8.94668 0.52299
-8.94973 0.52061
-8.95280 0.51825
-8.95591 0.51588
-8.95904 0.51352
-8.96220 0.51117
-8.96540 0.50882
-8.96862 0.50648
-8.97187 0.50414
-8.97515 0.50181
-8.97846 0.49948
-8.97905 0.49907
-8.98283 0.49693
-8.98665 0.49479
-8.99050 0.49265
-8.99438 0.49053
-8.99830 0.48841
-9.00225 0.48630
-9.00624 0.48420
-9.01026 0.48210
-9.01432 0.48001
-9.01841 0.47794
-9.02253 0.47586
-9.02670 0.47380
-9.03090 0.47175
-9.03095 0.47172
-9.03558 0.46988
-9.04026 0.46805
-9.04497 0.46623
-9.04972 0.46442
-9.05451 0.46262
-9.05933 0.46083
-9.06419 0.45905
-9.06909 0.45728
-9.07403 0.45552
-9.07900 0.45377
-9.08401 0.45204
-9.08906 0.45032
-9.09415 0.44861
-9.09928 0.44691
-9.10227 0.44593
-9.10780 0.44448
-9.11337 0.44305
-9.11897 0.44163
-9.12461 0.44022
-9.13029 0.43883
-9.13600 0.43745
-9.14175 0.43609
-9.14753 0.43474
-9.15335 0.43340
-9.15921 0.43208
-9.16510 0.43078
-9.17103 0.42949
-9.17699 0.42821
-9.18299 0.42695
-9.18902 0.42571
-9.19411 0.42468
-9.20045 0.42372
-9.20683 0.42278
-9.21323 0.42186
-9.21966 0.42095
-9.22612 0.42007
-9.23261 0.41920
-9.23912 0.41834
-9.24566 0.41751
-9.25222 0.41669
-9.25881 0.41589
-9.26542 0.41511
-9.27206 0.41435
-9.27873 0.41360
-9.28541 0.41288
-9.29212 0.41217
-9.29886 0.41148
-9.30401 0.41097
-9.31091 0.41059
-9.31781 0.41023
-9.32473 0.40989
-9.33166 0.40956
-9.33860 0.40926
-9.34555 0.40898
-9.35251 0.40871
-9.35947 0.40847
-9.36645 0.40825
-9.37343 0.40804
-9.38042 0.40786
-9.38742 0.40770
-9.39442 0.40755
-9.40142 0.40743
-9.40843 0.40733
-9.41544 0.40724
-9.42246 0.40718
-9.42478 0.40716
-9.43177 0.40740
-9.43875 0.40766
-9.44572 0.40795
-9.45268 0.40825
-9.45964 0.40857
-9.46658 0.40891
-9.47350 0.40927
-9.48042 0.40965
-9.48732 0.41005
-9.49421 0.41047
-9.50109 0.41091
-9.50795 0.41136
-9.51479 0.41184
-9.52162 0.41234
-9.52843 0.41285
-9.53522 0.41339
-9.54200 0.41394
-9.54554 0.41424
-9.55212 0.41509
-9.55867 0.41596
-9.56519 0.41685
-9.57168 0.41775
-9.57815 0.41868
-9.58458 0.41962
-9.59099 0.42057
-9.59737 0.42155
-9.60372 0.42254
-9.61004 0.42355
-9.61633 0.42458
-9.62258 0.42562
-9.62881 0.42668
-9.63501 0.42775
-9.64117 0.42884
-9.64731 0.42995
-9.65341 0.43108
-9.65545 0.43146
-9.66122 0.43285
-9.66695 0.43426
-9.67265 0.43568
-9.67831 0.43712
-9.68393 0.43857
-9.68951 0.44004
-9.69506 0.44152
-9.70057 0.44301
-9.70604 0.44451
-9.71147 0.44603
-9.71687 0.44756
-9.72223 0.44911
-9.72756 0.45067
-9.73284 0.45224
-9.73809 0.45382
-9.74331 0.45542
-9.74729 0.45665
-9.75207 0.45849
-9.75681 0.46034
-9.76152 0.46220
-9.76618 0.46406
-9.77081 0.46594
-9.77540 0.46783
-9.77996 0.46973
-9.78447 0.47164
-9.78896 0.47356
-9.79340 0.47549
-9.79781 0.47742
-9.80218 0.47937
-9.80652 0.48132
-9.81082 0.48329
-9.81509 0.48526
-9.81861 0.48691
-9.82240 0.48908
-9.82615 0.49127
-9.82987 0.49346
-9.83356 0.49566
-9.83721 0.49787
-9.84084 0.50008
-9.84443 0.50230
-9.84799 0.50453
-9.85152 0.50676
-9.85501 0.50900
-9.85848 0.51124
-9.86191 0.51349
-9.86532 0.51575
-9.86870 0.51801
-9.87051 0.51923
-9.87340 0.52166
-9.87627 0.52410
-9.87910 0.52653
-9.88192 0.52898
-9.88470 0.53142
-9.88746 0.53387
-9.89020 0.53632
-9.89291 0.53878
-9.89559 0.54124
-9.89825 0.54371
-9.90089 0.54618
-9.90351 0.54865
-9.90590 0.55094
-9.90802 0.55354
-9.91012 0.55615
-9.91220 0.55876
-9.91427 0.56138
-9.91631 0.56399
-9.91833 0.56661
-9.92034 0.56923
-9.92233 0.57185
-9.92430 0.57448
-9.92625 0.57710
-9.92818 0.57973
-9.92820 0.57976
-9.92967 0.58249
-9.93113 0.58521
-9.93257 0.58794
-9.93400 0.59067
-9.93542 0.59340
-9.93683 0.59614
-9.93822 0.59887
-9.93959 0.60161
-9.94075 0.60391
-9.94167 0.60672
-9.94258 0.60952
-9.94348 0.61232
-9.94437 0.61513
-9.94525 0.61793
-9.94613 0.62074
-9.94654 0.62205
-9.94698 0.62489
-9.94742 0.62774
-9.94786 0.63058
-9.94826 0.63323
-9.94836 0.63609
-9.94839 0.63692
-9.94905 0.63409
-9.94932 0.63296
-9.95032 0.63018
-9.95133 0.62739
-9.95235 0.62461
-9.95338 0.62182
-9.95346 0.62161
-9.95492 0.61890
-9.95638 0.61619
-9.95786 0.61348
-9.95936 0.61077
-9.96086 0.60807
-9.96239 0.60536
-9.96344 0.60350
-9.96541 0.60090
-9.96739 0.59830
-9.96939 0.59571
-9.97141 0.59311
-9.97345 0.59052
-9.97550 0.58794
-9.97757 0.58535
-9.97966 0.58277
-9.98177 0.58019
-9.98214 0.57974
-9.98469 0.57730
-9.98726 0.57486
-9.98986 0.57242
-9.99248 0.56998
-9.99512 0.56755
-9.99778 0.56513
-10.00047 0.56270
-10.00318 0.56029
-10.00591 0.55787
-10.00867 0.55546
-10.01145 0.55306
-10.01278 0.55192
-10.01601 0.54968
-10.01926 0.54745
-10.02254 0.54522
-10.02585 0.54300
-10.02918 0.54079
-10.03254 0.53858
-10.03593 0.53638
-10.03935 0.53418
-10.04279 0.53200
-10.04627 0.52981
-10.04977 0.52764
-10.05330 0.52547
-10.05686 0.52331
-10.05881 0.52213
-10.06280 0.52017
-10.06682 0.51822
-10.07087 0.51628
-10.07495 0.51434
-10.07906 0.51242
-10.08321 0.51050
-10.08738 0.50860
-10.09159 0.50670
-10.09582 0.50481
-10.10009 0.50293
-10.10439 0.50105
-10.10873 0.49919
-10.11309 0.49734
-10.11749 0.49550
-10.12192 0.49366
-10.12341 0.49305
-10.12822 0.49146
-10.13306 0.48987
-10.13794 0.48830
-10.14285 0.48674
-10.14779 0.48519
-10.15276 0.48365
-10.15776 0.48212
-10.16279 0.48061
-10.16786 0.47911
-10.17295 0.47762
-10.17808 0.47614
-10.18324 0.47467
-10.18843 0.47322
-10.19366 0.47178
-10.19891 0.47036
-10.20420 0.46895
-10.20847 0.46782
-10.21408 0.46668
-10.21971 0.46556
-10.22538 0.46445
-10.23107 0.46335
-10.23678 0.46228
-10.24252 0.46121
-10.24829 0.46016
-10.25409 0.45913
-10.25991 0.45811
-10.26576 0.45711
-10.27163 0.45612
-10.27753 0.45515
-10.28345 0.45420
-10.28940 0.45326
-10.29537 0.45234
-10.30137 0.45143
-10.30739 0.45054
-10.31292 0.44974
-10.31914 0.44915
-10.32537 0.44858
-10.33163 0.44802
-10.33789 0.44749
-10.34418 0.44697
-10.35047 0.44647
-10.35678 0.44599
-10.36311 0.44552
-10.36944 0.44507
-10.37579 0.44464
-10.38215 0.44423
-10.38853 0.44384
-10.39491 0.44346
-10.40131 0.44310
-10.40771 0.44277
-10.41413 0.44244
-10.42055 0.44214
-10.42698 0.44186
-10.43114 0.44168
-10.43761 0.44171
-10.44408 0.44175
-10.45054 0.44181
-10.45701 0.44189
-10.46347 0.44199
-10.46993 0.44211
-10.47638 0.44224
-10.48283 0.44239
-10.48928 0.44257
-10.49572 0.44276
-10.50215 0.44296
-10.50858 0.44319
-10.51500 0.44344
-10.52142 0.44370
-10.52782 0.44398
-10.53422 0.44428
-10.54061 0.44460
-10.54699 0.44494
-10.55320 0.44528
-10.55945 0.44593
-10.56567 0.44659
-10.57188 0.44727
-10.57807 0.44797
-10.58424 0.44869
-10.59039 0.44942
-10.59652 0.45017
-10.60263 0.45093
-10.60872 0.45172
-10.61479 0.45252
-10.62083 0.45333
-10.62686 0.45416
-10.63286 0.45501
-10.63884 0.45588
-10.64479 0.45676
-10.65073 0.45766
-10.65663 0.45857
-10.66252 0.45950
-10.66776 0.46035
-10.67337 0.46156
-10.67895 0.46279
-10.68450 0.46404
-10.69001 0.46530
-10.69550 0.46657
-10.70096 0.46786
-10.70639 0.46916
-10.71179 0.47048
-10.71716 0.47181
-10.72249 0.47315
-10.72780 0.47451
-10.73308 0.47588
-10.73832 0.47726
-10.74354 0.47866
-10.74872 0.48007
-10.75388 0.48149
-10.75900 0.48292
-10.76410 0.48437
-10.76612 0.48495
-10.77086 0.48665
-10.77556 0.48835
-10.78022 0.49007
-10.78486 0.49180
-10.78946 0.49354
-10.79403 0.49529
-10.79856 0.49705
-10.80307 0.49882
-10.80754 0.50060
-10.81198 0.50239
-10.81639 0.50419
-10.82077 0.50600
-10.82512 0.50782
-10.82943 0.50964
-10.83372 0.51148
-10.83797 0.51333
-10.84219 0.51519
-10.84430 0.51612
-10.84810 0.51819
-10.85188 0.52027
-10.85563 0.52236
-10.85934 0.52445
-10.86303 0.52655
-10.86668 0.52866
-10.87031 0.53077
-10.87391 0.53289
-10.87748 0.53502
-10.88102 0.53716
-10.88453 0.53930
-10.88802 0.54145
-10.89148 0.54360
-10.89491 0.54576
-10.89831 0.54793
-10.90169 0.55011
-10.90241 0.55057
-10.90535 0.55292
-10.90827 0.55528
-10.91116 0.55764
-10.91403 0.56000
-10.91688 0.56237
-10.91970 0.56475
-10.92250 0.56712
-10.92527 0.56951
-10.92802 0.57189
-10.93075 0.57428
-10.93346 0.57668
-10.93614 0.57908
-10.93880 0.58148
-10.94144 0.58389
-10.94292 0.58525
-10.94512 0.58780
-10.94729 0.59036
-10.94945 0.59292
-10.95159 0.59547
-10.95370 0.59804
-10.95581 0.60060
-10.95789 0.60317
-10.95995 0.60574
-10.96200 0.60831
-10.96403 0.61089
-10.96605 0.61346
-10.96804 0.61604
-10.96921 0.61756
-10.97076 0.62025
-10.97231 0.62294
-10.97384 0.62563
-10.97536 0.62832
-10.97686 0.63102
-10.97836 0.63372
-10.97984 0.63641
-10.98130 0.63911
-10.98276 0.64181
-10.98420 0.64452
-10.98466 0.64538
-10.98568 0.64816
-10.98668 0.65094
-10.98769 0.65372
-10.98868 0.65650
-10.98966 0.65929
-10.99064 0.66207
-10.99161 0.66485
-10.99238 0.66711
-10.99288 0.66995
-10.99338 0.67279
-10.99387 0.67562
-10.99435 0.67846
-10.99483 0.68130
-10.99531 0.68414
-10.99557 0.68571
-10.99597 0.68400
-10.99676 0.68120
-10.99756 0.67839
-10.99836 0.67559
-10.99877 0.67419
-10.99996 0.67145
-11.00116 0.66871
-11.00237 0.66597
-11.00360 0.66323
-11.00483 0.66049
-11.00607 0.65776
-11.00649 0.65684
-11.00814 0.65419
-11.00981 0.65155
-11.01149 0.64891
-11.01318 0.64627
-11.01488 0.64364
-11.01660 0.64100
-11.01833 0.63837
-11.02008 0.63574
-11.02184 0.63311
-11.02194 0.63296
-11.02411 0.63046
-11.02630 0.62795
-11.02851 0.62545
-11.03073 0.62296
-11.03297 0.62046
-11.03524 0.61797
-11.03751 0.61549
-11.03981 0.61300
-11.04213 0.61052
-11.04446 0.60804
-11.04681 0.60557
-11.04823 0.60410
-11.05100 0.60178
-11.05379 0.59947
-11.05660 0.59716
-11.05944 0.59485
-11.06230 0.59255
-11.06518 0.59026
-11.06808 0.58797
-11.07101 0.58569
-11.07395 0.58341
-11.07693 0.58114
-11.07992 0.57887
-11.08294 0.57660
-11.08598 0.57435
-11.08874 0.57232
-11.09220 0.57025
-11.09568 0.56819
-11.09919 0.56614
-11.10272 0.56410
-11.10628 0.56206
-11.10986 0.56003
-11.11347 0.55801
-11.11710 0.55599
-11.12077 0.55398
-11.12445 0.55198
-11.12817 0.54999
-11.13191 0.54800
-11.13568 0.54603
-11.13948 0.54406
-11.14330 0.54209
-11.14685 0.54029
-11.15106 0.53856
-11.15530 0.53684
-11.15956 0.53512
-11.16386 0.53342
-11.16817 0.53173
-11.17252 0.53004
-11.17690 0.52837
-11.18130 0.52670
-11.18573 0.52505
-11.19019 0.52341
-11.19468 0.52177
-11.19919 0.52015
-11.20373 0.51854
-11.20830 0.51694
-11.21290 0.51535
-11.21753 0.51377
-11.22219 0.51220
-11.22502 0.51126
-11.23000 0.50995
-11.23500 0.50865
-11.24002 0.50737
-11.24508 0.50610
-11.25015 0.50484
-11.25525 0.50360
-11.26038 0.50237
-11.26553 0.50115
-11.27071 0.49995
-11.27591 0.49876
-11.28113 0.49758
-11.28639 0.49642
-11.29166 0.49527
-11.29696 0.49413
-11.30228 0.49301
-11.30763 0.49190
-11.31300 0.49081
-11.31840 0.48973
-11.32339 0.48875
-11.32901 0.48796
-11.33465 0.48719
-11.34031 0.48643
-11.34599 0.48569
-11.35168 0.48497
-11.35739 0.48426
-11.36312 0.48356
-11.36887 0.48289
-11.37463 0.48222
-11.38040 0.48158
-11.38619 0.48095
-11.39200 0.48034
-11.39782 0.47974
-11.40365 0.47916
-11.40950 0.47859
-11.41536 0.47805
-11.42124 0.47751
-11.42713 0.47700
-11.43303 0.47650
-11.43795 0.47610
-11.44394 0.47591
-11.44993 0.47573
-11.45593 0.47558
-11.46193 0.47544
-11.46794 0.47532
-11.47394 0.47521
-11.47995 0.47512
-11.48596 0.47505
-11.49198 0.47500
-11.49799 0.47496
-11.50401 0.47494
-11.51002 0.47494
-11.51604 0.47496
-11.52206 0.47499
-11.52807 0.47504
-11.53408 0.47511
-11.54009 0.47519
-11.54610 0.47529
-11.55211 0.47541
-11.55811 0.47555
-11.56001 0.47559
-11.56594 0.47603
-11.57186 0.47648
-11.57778 0.47695
-11.58368 0.47743
-11.58957 0.47794
-11.59544 0.47846
-11.60130 0.47899
-11.60715 0.47954
-11.61299 0.48011
-11.61881 0.48069
-11.62462 0.48129
-11.63041 0.48191
-11.63619 0.48254
-11.64195 0.48319
-11.64770 0.48386
-11.65343 0.48454
-11.65914 0.48524
-11.66484 0.48595
-11.67052 0.48668
-11.67619 0.48742
-11.67823 0.48769
-11.68369 0.48872
-11.68913 0.48977
-11.69454 0.49083
-11.69993 0.49190
-11.70530 0.49299
-11.71064 0.49409
-11.71596 0.49520
-11.72125 0.49633
-11.72652 0.49748
-11.73176 0.49863
-11.73698 0.49980
-11.74218 0.50099
-11.74735 0.50219
-11.75250 0.50340
-11.75762 0.50462
-11.76272 0.50586
-11.76779 0.50711
-11.77284 0.50837
-11.77786 0.50965
-11.78268 0.51089
-11.78738 0.51244
-11.79205 0.51399
-11.79669 0.51556
-11.80131 0.51713
-11.80589 0.51872
-11.81045 0.52032
-11.81498 0.52193
-11.81949 0.52355
-11.82396 0.52518
-11.82841 0.52682
-11.83283 0.52847
-11.83722 0.53013
-11.84158 0.53180
-11.84592 0.53348
-11.85023 0.53517
-11.85451 0.53687
-11.85877 0.53859
-11.86300 0.54031
-11.86720 0.54204
-11.86774 0.54226
-11.87158 0.54421
-11.87539 0.54618
-11.87917 0.54815
-11.88293 0.55012
-11.88666 0.55211
-11.89036 0.55410
-11.89404 0.55610
-11.89769 0.55811
-11.90131 0.56012
-11.90491 0.56214
-11.90848 0.56417
-11.91202 0.56621
-11.91554 0.56825
-11.91904 0.57030
-11.92251 0.57236
-11.92595 0.57443
-11.92938 0.57650
-11.93234 0.57831
-11.93535 0.58057
-11.93833 0.58284
-11.94130 0.58512
-11.94423 0.58740
-11.94715 0.58968
-11.95004 0.59197
-11.95292 0.59426
-11.95577 0.59656
-11.95859 0.59887
-11.96140 0.60117
-11.96418 0.60349
-11.96695 0.60580
-11.96969 0.60813
-11.97241 0.61045
-11.97511 0.61279
-11.97779 0.61512
-11.97837 0.61563
-11.98064 0.61812
-11.98290 0.62061
-11.98513 0.62311
-11.98735 0.62560
-11.98956 0.62811
-11.99174 0.63061
-11.99391 0.63312
-11.99606 0.63563
-11.99819 0.63814
-12.00031 0.64066
-12.00241 0.64318
-12.00449 0.64570
-12.00656 0.64823
-12.00861 0.65075
-12.00901 0.65125
-12.01066 0.65390
-12.01229 0.65655
-12.01391 0.65920
-12.01552 0.66185
-12.01711 0.66451
-12.01869 0.66716
-12.02026 0.66982
-12.02182 0.67248
-12.02336 0.67514
-12.02490 0.67780
-12.02642 0.68047
-12.02771 0.68275
-12.02882 0.68550
-12.02993 0.68826
-12.03103 0.69101
-12.03212 0.69377
-12.03320 0.69653
-12.03427 0.69928
-12.03533 0.70204
-12.03639 0.70480
-12.03743 0.70756
-12.03768 0.70822
-12.03835 0.71104
-12.03900 0.71386
-12.03965 0.71668
-12.04030 0.71950
-12.04094 0.72232
-12.04158 0.72514
-12.04183 0.72628
-12.04211 0.72913
-12.04238 0.73198
-12.04265 0.73483
-12.04276 0.73601
-12.04289 0.73695
-12.04350 0.73412
-12.04412 0.73130
-12.04461 0.72908
-12.04558 0.72631
-12.04656 0.72354
-12.04754 0.72078
-12.04853 0.71801
-12.04953 0.71524
-12.05040 0.71286
-12.05178 0.71018
-12.05317 0.70749
-12.05457 0.70481
-12.05598 0.70213
-12.05740 0.69946
-12.05883 0.69678
-12.06028 0.69411
-12.06173 0.69143
-12.06295 0.68922
-12.06479 0.68666
-12.06665 0.68410
-12.06852 0.68155
-12.07040 0.67899
-12.07230 0.67644
-12.07422 0.67389
-12.07615 0.67135
-12.07809 0.66880
-12.08005 0.66626
-12.08202 0.66373
-12.08401 0.66119
-12.08525 0.65962
-12.08763 0.65723
-12.09002 0.65484
-12.09243 0.65246
-12.09486 0.65008
-12.09731 0.64770
-12.09978 0.64533
-12.10226 0.64297
-12.10476 0.64060
-12.10728 0.63824
-12.10982 0.63589
-12.11238 0.63354
-12.11496 0.63119
-12.11755 0.62885
-12.12017 0.62651
-12.12064 0.62609
-12.12363 0.62393
-12.12664 0.62177
-12.12967 0.61962
-12.13272 0.61748
-12.13580 0.61534
-12.13889 0.61321
-12.14201 0.61108
-12.14515 0.60896
-12.14831 0.60685
-12.15149 0.60474
-12.15469 0.60264
-12.15792 0.60054
-12.16117 0.59845
-12.16444 0.59637
-12.16774 0.59429
-12.17106 0.59222
-12.17254 0.59130
-12.17621 0.58944
-12.17991 0.58759
-12.18364 0.58575
-12.18738 0.58391
-12.19115 0.58209
-12.19495 0.58027
-12.19876 0.57846
-12.20260 0.57666
-12.20647 0.57487
-12.21036 0.57308
-12.21427 0.57131
-12.21821 0.56954
-12.22217 0.56779
-12.22616 0.56604
-12.23017 0.56430
-12.23420 0.56257
-12.23826 0.56085
-12.24235 0.55914
-12.24386 0.55851
-12.24825 0.55705
-12.25267 0.55559
-12.25712 0.55415
-12.26158 0.55271
-12.26607 0.55129
-12.27058 0.54988
-12.27512 0.54848
-12.27968 0.54709
-12.28426 0.54571
-12.28886 0.54435
-12.29349 0.54300
-12.29814 0.54165
-12.30282 0.54032
-12.30751 0.53900
-12.31223 0.53770
-12.31698 0.53640
-12.32174 0.53512
-12.32653 0.53385
-12.33134 0.53259
-12.33570 0.53147
-12.34076 0.53049
-12.34583 0.52953
-12.35093 0.52858
-12.35604 0.52764
-12.36117 0.52672
-12.36631 0.52581
-12.37148 0.52492
-12.37666 0.52404
-12.38186 0.52317
-12.38708 0.52232
-12.39231 0.52149
-12.39757 0.52066
-12.40283 0.51985
-12.40812 0.51906
-12.41342 0.51828
-12.41873 0.51752
-12.42406 0.51676
-12.42941 0.51603
-12.43477 0.51531
-12.44015 0.51460
-12.44554 0.51391
-12.44561 0.51390
-12.45111 0.51350
-12.45663 0.51312
-12.46215 0.51274
-12.46768 0.51239
-12.47322 0.51205
-12.47877 0.51173
-12.48432 0.51142
-12.48988 0.51113
-12.49544 0.51085
-12.50102 0.51059
-12.50659 0.51035
-12.51217 0.51012
-12.51776 0.50991
-12.52335 0.50971
-12.52895 0.50953
-12.53455 0.50937
-12.54015 0.50922
-12.54575 0.50909
-12.55136 0.50897
-12.55697 0.50887
-12.56259 0.50878
-12.56637 0.50874
-12.57197 0.50896
-12.57756 0.50919
-12.58315 0.50945
-12.58873 0.50972
-12.59431 0.51000
-12.59988 0.51030
-12.60544 0.51062
-12.61099 0.51095
-12.61654 0.51130
-12.62208 0.51166
-12.62762 0.51204
-12.63314 0.51244
-12.63866 0.51285
-12.64416 0.51328
-12.64966 0.51372
-12.65515 0.51418
-12.66062 0.51465
-12.66609 0.51514
-12.67155 0.51564
-12.67699 0.51616
-12.68243 0.51670
-12.68713 0.51717
-12.69241 0.51800
-12.69768 0.51885
-12.70292 0.51971
-12.70815 0.52059
-12.71336 0.52148
-12.71855 0.52238
-12.72373 0.52330
-12.72888 0.52424
-12.73402 0.52518
-12.73914 0.52614
-12.74424 0.52712
-12.74932 0.52810
-12.75438 0.52911
-12.75943 0.53012
-12.76445 0.53115
-12.76946 0.53219
-12.77444 0.53324
-12.77940 0.53431
-12.78435 0.53539
-12.78927 0.53649
-12.79418 0.53760
-12.79704 0.53825
-12.80168 0.53963
-12.80631 0.54102
-12.81090 0.54242
-12.81547 0.54383
-12.82002 0.54525
-12.82455 0.54669
-12.82905 0.54814
-12.83353 0.54959
-12.83798 0.55106
-12.84241 0.55254
-12.84682 0.55403
-12.85120 0.55553
-12.85556 0.55704
-12.85989 0.55856
-12.86421 0.56010
-12.86849 0.56164
-12.87276 0.56319
-12.87700 0.56475
-12.88122 0.56633
-12.88541 0.56791
-12.88888 0.56923
-12.89274 0.57106
-12.89657 0.57289
-12.90038 0.57473
-12.90417 0.57658
-12.90793 0.57844
-12.91166 0.58030
-12.91537 0.58218
-12.91906 0.58406
-12.92272 0.58595
-12.92636 0.58785
-12.92998 0.58975
-12.93357 0.59166
-12.93714 0.59358
-12.94069 0.59551
-12.94421 0.59745
-12.94771 0.59939
-12.95119 0.60134
-12.95465 0.60330
-12.95808 0.60526
-12.96020 0.60648
-12.96327 0.60865
-12.96631 0.61082
-12.96933 0.61300
-12.97233 0.61518
-12.97531 0.61737
-12.97827 0.61957
-12.98120 0.62177
-12.98412 0.62397
-12.98701 0.62619
-12.98989 0.62840
-12.99274 0.63062
-12.99558 0.63285
-12.99839 0.63508
-13.00119 0.63732
-13.00396 0.63956
-13.00672 0.64180
-13.00945 0.64406
-13.01210 0.64625
-13.01445 0.64867
-13.01678 0.65110
-13.01909 0.65352
-13.02138 0.65595
-13.02366 0.65839
-13.02592 0.66082
-13.02817 0.66326
-13.03040 0.66571
-13.03261 0.66815
-13.03480 0.67061
-13.03698 0.67306
-13.03915 0.67552
-13.04129 0.67797
-13.04343 0.68044
-13.04554 0.68290
-13.04749 0.68519
-13.04922 0.68779
-13.05093 0.69039
-13.05264 0.69299
-13.05433 0.69560
-13.05600 0.69821
-13.05767 0.70082
-13.05932 0.70343
-13.06096 0.70604
-13.06259 0.70865
-13.06420 0.71127
-13.06581 0.71389
-13.06740 0.71651
-13.06898 0.71913
-13.06979 0.72049
-13.07100 0.72321
-13.07219 0.72594
-13.07338 0.72866
-13.07456 0.73139
-13.07573 0.73411
-13.07689 0.73684
-13.07804 0.73957
-13.07918 0.74229
-13.08032 0.74502
-13.08144 0.74776
-13.08234 0.74995
-13.08310 0.75275
-13.08385 0.75555
-13.08460 0.75835
-13.08534 0.76115
-13.08607 0.76395
-13.08680 0.76675
-13.08753 0.76955
-13.08813 0.77189
-13.08850 0.77473
-13.08887 0.77758
-13.08924 0.78042
-13.08961 0.78326
-13.08985 0.78518
-13.08995 0.78804
-13.08998 0.78918
-13.09046 0.78635
-13.09091 0.78371
-13.09169 0.78092
-13.09247 0.77812
-13.09326 0.77533
-13.09406 0.77254
-13.09486 0.76975
-13.09506 0.76909
-13.09621 0.76637
-13.09736 0.76365
-13.09853 0.76094
-13.09970 0.75822
-13.10088 0.75551
-13.10208 0.75280
-13.10327 0.75009
-13.10448 0.74738
-13.10503 0.74615
-13.10660 0.74354
-13.10818 0.74093
-13.10976 0.73833
-13.11136 0.73573
-13.11297 0.73313
-13.11460 0.73053
-13.11623 0.72793
-13.11787 0.72534
-13.11953 0.72274
-13.12120 0.72015
-13.12288 0.71756
-13.12373 0.71626
-13.12577 0.71381
-13.12783 0.71136
-13.12990 0.70891
-13.13198 0.70646
-13.13408 0.70402
-13.13620 0.70158
-13.13833 0.69914
-13.14047 0.69670
-13.14263 0.69427
-13.14480 0.69185
-13.14699 0.68942
-13.14920 0.68700
-13.15142 0.68458
-13.15365 0.68217
-13.15437 0.68140
-13.15696 0.67915
-13.15957 0.67691
-13.16220 0.67467
-13.16484 0.67243
-13.16750 0.67020
-13.17018 0.66798
-13.17288 0.66576
-13.17559 0.66354
-13.17832 0.66133
-13.18108 0.65913
-13.18384 0.65693
-13.18663 0.65473
-13.18944 0.65254
-13.19227 0.65035
-13.19511 0.64817
-13.19797 0.64600
-13.20040 0.64417
-13.20361 0.64220
-13.20685 0.64023
-13.21010 0.63828
-13.21337 0.63632
-13.21667 0.63438
-13.21998 0.63244
-13.22332 0.63051
-13.22667 0.62858
-13.23004 0.62667
-13.23344 0.62476
-13.23686 0.62285
-13.24029 0.62096
-13.24375 0.61907
-13.24723 0.61719
-13.25073 0.61531
-13.25425 0.61345
-13.25780 0.61159
-13.26136 0.60974
-13.26495 0.60790
-13.26500 0.60787
-13.26889 0.60626
-13.27279 0.60466
-13.27672 0.60306
-13.28067 0.60148
-13.28464 0.59991
-13.28863 0.59834
-13.29264 0.59679
-13.29667 0.59524
-13.30072 0.59370
-13.30480 0.59218
-13.30889 0.59066
-13.31301 0.58915
-13.31714 0.58766
-13.32130 0.58617
-13.32548 0.58470
-13.32968 0.58323
-13.33390 0.58177
-13.33814 0.58033
-13.34240 0.57889
-13.34669 0.57747
-13.35006 0.57636
-13.35460 0.57521
-13.35916 0.57406
-13.36373 0.57293
-13.36832 0.57181
-13.37293 0.57070
-13.37756 0.56961
-13.38221 0.56853
-13.38687 0.56746
-13.39155 0.56640
-13.39625 0.56535
-13.40097 0.56432
-13.40570 0.56330
-13.41045 0.56229
-13.41522 0.56130
-13.42000 0.56031
-13.42481 0.55934
-13.42962 0.55839
-13.43446 0.55744
-13.43931 0.55651
-13.44417 0.55560
-13.44906 0.55469
-13.45395 0.55380
-13.45451 0.55370
-13.45955 0.55310
-13.46461 0.55250
-13.46968 0.55193
-13.47475 0.55136
-13.47984 0.55081
-13.48494 0.55028
-13.49005 0.54976
-13.49516 0.54925
-13.50029 0.54876
-13.50543 0.54828
-13.51057 0.54782
-13.51572 0.54737
-13.52089 0.54693
-13.52605 0.54652
-13.53123 0.54611
-13.53642 0.54572
-13.54161 0.54535
-13.54681 0.54498
-13.55201 0.54464
-13.55723 0.54431
-13.56244 0.54399
-13.56767 0.54369
-13.57274 0.54341
-13.57799 0.54342
-13.58325 0.54344
-13.58851 0.54348
-13.59376 0.54353
-13.59902 0.54359
-13.60427 0.54368
-13.60952 0.54377
-13.61477 0.54389
-13.62002 0.54401
-13.62527 0.54415
-13.63051 0.54431
-13.63575 0.54448
-13.64098 0.54467
-13.64621 0.54487
-13.65144 0.54509
-13.65666 0.54532
-13.66188 0.54556
-13.66710 0.54582
-13.67231 0.54610
-13.67751 0.54639
-13.68271 0.54670
-13.68790 0.54702
-13.69308 0.54735
-13.69479 0.54747
-13.69988 0.54809
-13.70496 0.54874
-13.71002 0.54940
-13.71507 0.55007
-13.72011 0.55075
-13.72514 0.55145
-13.73015 0.55217
-13.73515 0.55289
-13.74014 0.55364
-13.74512 0.55439
-13.75008 0.55516
-13.75502 0.55594
-13.75995 0.55674
-13.76487 0.55755
-13.76978 0.55837
-13.77467 0.55921
-13.77954 0.56005
-13.78440 0.56092
-13.78924 0.56179
-13.79407 0.56268
-13.79889 0.56359
-13.80369 0.56450
-13.80847 0.56543
-13.80935 0.56560
-13.81393 0.56680
-13.81849 0.56802
-13.82303 0.56924
-13.82755 0.57048
-13.83205 0.57173
-13.83653 0.57299
-13.84099 0.57426
-13.84543 0.57554
-13.84985 0.57684
-13.85425 0.57814
-13.85863 0.57946
-13.86299 0.58079
-13.86733 0.58213
-13.87165 0.58348
-13.87595 0.58484
-13.88024 0.58621
-13.88450 0.58759
-13.88874 0.58898
-13.89296 0.59039
-13.89716 0.59180
-13.90134 0.59323
-13.90550 0.59466
-13.90772 0.59543
-13.91159 0.59712
-13.91544 0.59881
-13.91927 0.60051
-13.92307 0.60222
-13.92686 0.60394
-13.93062 0.60566
-13.93436 0.60740
-13.93809 0.60914
-13.94178 0.61090
-13.94546 0.61266
-13.94912 0.61443
-13.95276 0.61620
-13.95637 0.61799
-13.95996 0.61978
-13.96354 0.62158
-13.96709 0.62339
-13.97062 0.62521
-13.97413 0.62703
-13.97763 0.62887
-13.98110 0.63071
-13.98455 0.63255
-13.98589 0.63328
-13.98901 0.63534
-13.99211 0.63740
-13.99519 0.63948
-13.99825 0.64156
-14.00129 0.64364
-14.00431 0.64573
-14.00732 0.64783
-14.01030 0.64993
-14.01326 0.65204
-14.01620 0.65415
-14.01913 0.65627
-14.02203 0.65840
-14.02492 0.66053
-14.02779 0.66266
-14.03064 0.66480
-14.03347 0.66695
-14.03628 0.66910
-14.03908 0.67126
-14.04186 0.67342
-14.04400 0.67510
-14.04642 0.67744
-14.04882 0.67979
-14.05121 0.68214
-14.05358 0.68449
-14.05593 0.68685
-14.05827 0.68921
-14.06059 0.69158
-14.06290 0.69395
-14.06519 0.69632
-14.06746 0.69869
-14.06972 0.70107
-14.07197 0.70346
-14.07420 0.70584
-14.07641 0.70823
-14.07861 0.71063
-14.08079 0.71302
-14.08296 0.71543
-14.08452 0.71715
-14.08632 0.71970
-14.08812 0.72225
-14.08990 0.72479
-14.09168 0.72735
-14.09343 0.72990
-14.09518 0.73246
-14.09692 0.73501
-14.09864 0.73757
-14.10035 0.74014
-14.10205 0.74270
-14.10373 0.74527
-14.10541 0.74784
-14.10707 0.75041
-14.10872 0.75298
-14.11037 0.75556
-14.11080 0.75624
-14.11209 0.75892
-14.11337 0.76161
-14.11464 0.76430
-14.11590 0.76699
-14.11716 0.76968
-14.11840 0.77237
-14.11964 0.77506
-14.12087 0.77775
-14.12209 0.78045
-14.12330 0.78314
-14.12450 0.78584
-14.12570 0.78854
-14.12625 0.78980
-14.12710 0.79257
-14.12794 0.79535
-14.12878 0.79813
-14.12961 0.80091
-14.13043 0.80369
-14.13125 0.80647
-14.13206 0.80925
-14.13287 0.81203
-14.13367 0.81481
-14.13398 0.81586
-14.13445 0.81869
-14.13491 0.82153
-14.13537 0.82436
-14.13583 0.82719
-14.13629 0.83002
-14.13674 0.83285
-14.13677 0.83305
-14.13692 0.83590
-14.13708 0.83876
-14.13717 0.84049
-14.13756 0.83786
-14.13818 0.83505
-14.13880 0.83224
-14.13943 0.82943
-14.14006 0.82662
-14.14036 0.82531
-14.14131 0.82256
-14.14227 0.81981
-14.14323 0.81707
-14.14420 0.81432
-14.14518 0.81158
-14.14617 0.80884
-14.14716 0.80609
-14.14808 0.80355
-14.14941 0.80090
-14.15075 0.79825
-14.15210 0.79560
-14.15345 0.79296
-14.15482 0.79031
-14.15619 0.78767
-14.15757 0.78502
-14.15896 0.78238
-14.16037 0.77974
-14.16178 0.77711
-14.16320 0.77447
-14.16353 0.77385
-14.16529 0.77134
-14.16706 0.76883
-14.16884 0.76632
-14.17063 0.76381
-14.17243 0.76130
-14.17425 0.75880
-14.17607 0.75630
-14.17791 0.75381
-14.17976 0.75131
-14.18163 0.74882
-14.18350 0.74633
-14.18539 0.74384
-14.18729 0.74136
-14.18921 0.73888
-14.18982 0.73809
-14.19207 0.73576
-14.19433 0.73344
-14.19661 0.73112
-14.19890 0.72880
-14.20121 0.72649
-14.20353 0.72418
-14.20586 0.72188
-14.20822 0.71958
-14.21058 0.71728
-14.21296 0.71499
-14.21536 0.71270
-14.21777 0.71042
-14.22020 0.70814
-14.22264 0.70586
-14.22510 0.70359
-14.22758 0.70133
-14.23007 0.69906
-14.23034 0.69882
-14.23315 0.69675
-14.23598 0.69468
-14.23882 0.69261
-14.24169 0.69055
-14.24457 0.68850
-14.24747 0.68645
-14.25038 0.68441
-14.25331 0.68237
-14.25626 0.68034
-14.25923 0.67831
-14.26222 0.67630
-14.26522 0.67428
-14.26824 0.67228
-14.27128 0.67028
-14.27434 0.66828
-14.27741 0.66629
-14.28051 0.66431
-14.28362 0.66234
-14.28675 0.66037
-14.28844 0.65931
-14.29188 0.65757
-14.29533 0.65583
-14.29880 0.65410
-14.30229 0.65238
-14.30580 0.65066
-14.30932 0.64896
-14.31287 0.64726
-14.31643 0.64557
-14.32002 0.64389
-14.32362 0.64221
-14.32724 0.64055
-14.33088 0.63889
-14.33453 0.63724
-14.33821 0.63560
-14.34190 0.63397
-14.34562 0.63235
-14.34935 0.63073
-14.35311 0.62913
-14.35688 0.62753
-14.36067 0.62595
-14.36448 0.62437
-14.36662 0.62349
-14.37068 0.62217
-14.37477 0.62086
-14.37887 0.61956
-14.38298 0.61826
-14.38712 0.61698
-14.39127 0.61571
-14.39544 0.61445
-14.39963 0.61321
-14.40383 0.61197
-14.40805 0.61074
-14.41229 0.60952
-14.41654 0.60832
-14.42081 0.60712
-14.42510 0.60594
-14.42941 0.60477
-14.43373 0.60361
-14.43807 0.60246
-14.44242 0.60132
-14.44679 0.60020
-14.45118 0.59908
-14.45558 0.59798
-14.46000 0.59689
-14.46444 0.59581
-14.46498 0.59567
-14.46959 0.59487
-14.47421 0.59408
-14.47884 0.59330
-14.48348 0.59254
-14.48813 0.59179
-14.49280 0.59105
-14.49748 0.59032
-14.50217 0.58961
-14.50687 0.58891
-14.51158 0.58822
-14.51630 0.58755
-14.52104 0.58689
-14.52578 0.58624
-14.53054 0.58561
-14.53530 0.58498
-14.54008 0.58438
-14.54486 0.58378
-14.54966 0.58320
-14.55446 0.58263
-14.55927 0.58208
-14.56409 0.58154
-14.56892 0.58101
-14.57376 0.58050
-14.57861 0.58000
-14.57954 0.57990
-14.58446 0.57970
-14.58937 0.57951
-14.59430 0.57933
-14.59922 0.57916
-14.60415 0.57901
-14.60908 0.57888
-14.61401 0.57875
-14.61894 0.57865
-14.62388 0.57855
-14.62881 0.57847
-14.63375 0.57841
-14.63869 0.57836
-14.64363 0.57832
-14.64857 0.57830
-14.65351 0.57829
-14.65845 0.57829
-14.66339 0.57831
-14.66833 0.57834
-14.67327 0.57839
-14.67821 0.57845
-14.68315 0.57853
-14.68808 0.57862
-14.69302 0.57872
-14.69795 0.57884
-14.70160 0.57893
-14.70648 0.57935
-14.71135 0.57979
-14.71622 0.58024
-14.72107 0.58070
-14.72592 0.58117
-14.73077 0.58166
-14.73560 0.58216
-14.74042 0.58268
-14.74524 0.58321
-14.75005 0.58375
-14.75485 0.58431
-14.75964 0.58488
-14.76442 0.58546
-14.76919 0.58606
-14.77395 0.58667
-14.77870 0.58729
-14.78344 0.58793
-14.78817 0.58858
-14.79289 0.58924
-14.79759 0.58992
-14.80229 0.59060
-14.80698 0.59131
-14.81165 0.59202
-14.81632 0.59275
-14.81982 0.59331
-14.82432 0.59432
-14.82880 0.59535
-14.83327 0.59639
-14.83772 0.59744
-14.84216 0.59850
-14.84657 0.59958
-14.85098 0.60067
-14.85536 0.60176
-14.85974 0.60287
-14.86409 0.60399
-14.86843 0.60513
-14.87275 0.60627
-14.87706 0.60743
-14.88135 0.60859
-14.88562 0.60977
-14.88988 0.61096
-14.89412 0.61216
-14.89834 0.61337
-14.90255 0.61459
-14.90674 0.61582
-14.91091 0.61707
-14.91507 0.61832
-14.91921 0.61959
-14.92333 0.62086
-14.92427 0.62116
-14.92815 0.62269
-14.93201 0.62423
-14.93585 0.62578
-14.93967 0.62733
-14.94348 0.62890
-14.94726 0.63048
-14.95103 0.63206
-14.95477 0.63366
-14.95850 0.63526
-14.96221 0.63687
-14.96590 0.63849
-14.96957 0.64012
-14.97322 0.64176
-14.97686 0.64341
-14.98047 0.64506
-14.98407 0.64673
-14.98765 0.64840
-14.99121 0.65008
-14.99475 0.65177
-14.99827 0.65346
-15.00177 0.65517
-15.00526 0.65688
-15.00873 0.65860
-15.00933 0.65890
-15.01251 0.66085
-15.01566 0.66280
-15.01880 0.66475
-15.02192 0.66671
-15.02502 0.66868
-15.02810 0.67066
-15.03117 0.67264
-15.03421 0.67463
-15.03724 0.67662
-15.04025 0.67862
-15.04324 0.68063
-15.04622 0.68264
-15.04918 0.68466
-15.05212 0.68669
-15.05504 0.68872
-15.05795 0.69075
-15.06083 0.69280
-15.06371 0.69484
-15.06656 0.69690
-15.06940 0.69896
-15.07222 0.70102
-15.07393 0.70229
-15.07643 0.70454
-15.07890 0.70680
-15.08137 0.70906
-15.08381 0.71133
-15.08624 0.71361
-15.08866 0.71588
-15.09106 0.71816
-15.09344 0.72045
-15.09581 0.72274
-15.09817 0.72503
-15.10051 0.72733
-15.10283 0.72963
-15.10514 0.73193
-15.10744 0.73424
-15.10972 0.73656
-15.11199 0.73887
-15.11424 0.74119
-15.11648 0.74352
-15.11870 0.74584
-15.11996 0.74717
-15.12185 0.74965
-15.12373 0.75214
-15.12559 0.75462
-15.12744 0.75711
-15.12928 0.75961
-15.13111 0.76210
-15.13293 0.76460
-15.13473 0.76710
-15.13652 0.76961
-15.13831 0.77211
-15.14007 0.77462
-15.14183 0.77713
-15.14358 0.77964
-15.14531 0.78216
-15.14704 0.78468
-15.14875 0.78720
-15.15045 0.78972
-15.15060 0.78994
-15.15198 0.79258
-15.15334 0.79523
-15.15469 0.79787
-15.15604 0.80052
-15.15738 0.80317
-15.15870 0.80582
-15.16002 0.80847
-15.16133 0.81112
-15.16264 0.81378
-15.16393 0.81643
-15.16521 0.81909
-15.16649 0.82175
-15.16776 0.82441
-15.16902 0.82707
-15.16930 0.82766
-15.17023 0.83041
-15.17116 0.83316
-15.17208 0.83591
-15.17300 0.83867
-15.17391 0.84142
-15.17481 0.84417
-15.17571 0.84693
-15.17661 0.84968
-15.17749 0.85244
-15.17837 0.85520
-15.17925 0.85795
-15.17928 0.85804
-15.17984 0.86086
-15.18039 0.86368
-15.18094 0.86649
-15.18149 0.86931
-15.18203 0.87213
-15.18257 0.87495
-15.18311 0.87777
-15.18343 0.87942
-15.18366 0.88227
-15.18390 0.88511
-15.18413 0.88796
-15.18435 0.89069
-15.18448 0.89131
-15.18496 0.88849
-15.18545 0.88566
-15.18594 0.88284
-15.18620 0.88130
-15.18699 0.87853
-15.18777 0.87576
-15.18857 0.87298
-15.18936 0.87021
-15.19017 0.86744
-15.19098 0.86467
-15.19179 0.86190
-15.19199 0.86121
-15.19312 0.85852
-15.19425 0.85583
-15.19539 0.85315
-15.19653 0.85046
-15.19769 0.84778
-15.19885 0.84509
-15.20001 0.84241
-15.20119 0.83973
-15.20237 0.83705
-15.20356 0.83437
-15.20454 0.83219
-15.20605 0.82962
-15.20757 0.82705
-15.20910 0.82449
-15.21064 0.82193
-15.21219 0.81937
-15.21374 0.81681
-15.21531 0.81426
-15.21689 0.81171
-15.21848 0.80916
-15.22007 0.80661
-15.22168 0.80406
-15.22330 0.80151
-15.22493 0.79897
-15.22657 0.79643
-15.22684 0.79600
-15.22880 0.79360
-15.23076 0.79121
-15.23274 0.78882
-15.23473 0.78643
-15.23673 0.78404
-15.23875 0.78166
-15.24077 0.77928
-15.24281 0.77690
-15.24486 0.77453
-15.24693 0.77216
-15.24900 0.76979
-15.25109 0.76743
-15.25319 0.76507
-15.25531 0.76271
-15.25744 0.76036
-15.25958 0.75801
-15.26173 0.75567
-15.26223 0.75513
-15.26470 0.75296
-15.26717 0.75079
-15.26967 0.74863
-15.27217 0.74647
-15.27469 0.74432
-15.27723 0.74217
-15.27978 0.74003
-15.28234 0.73789
-15.28492 0.73576
-15.28752 0.73363
-15.29013 0.73151
-15.29276 0.72939
-15.29540 0.72728
-15.29805 0.72517
-15.30072 0.72307
-15.30341 0.72097
-15.30611 0.71888
-15.30883 0.71679
-15.31157 0.71471
-15.31413 0.71277
-15.31717 0.71090
-15.32022 0.70904
-15.32329 0.70718
-15.32637 0.70533
-15.32947 0.70349
-15.33259 0.70166
-15.33572 0.69983
-15.33887 0.69801
-15.34203 0.69619
-15.34522 0.69438
-15.34841 0.69258
-15.35163 0.69079
-15.35486 0.68900
-15.35811 0.68722
-15.36138 0.68545
-15.36466 0.68369
-15.36796 0.68193
-15.37127 0.68018
-15.37461 0.67844
-15.37796 0.67670
-15.38133 0.67497
-15.38471 0.67326
-15.38545 0.67288
-15.38909 0.67140
-15.39274 0.66994
-15.39641 0.66848
-15.40010 0.66702
-15.40380 0.66558
-15.40752 0.66415
-15.41125 0.66273
-15.41500 0.66131
-15.41877 0.65991
-15.42255 0.65851
-15.42635 0.65712
-15.43016 0.65575
-15.43399 0.65438
-15.43784 0.65302
-15.44170 0.65168
-15.44558 0.65034
-15.44947 0.64901
-15.45338 0.64769
-15.45730 0.64638
-15.46125 0.64508
-15.46520 0.64380
-15.46918 0.64252
-15.47317 0.64125
-15.47717 0.63999
-15.47729 0.63995
-15.48148 0.63896
-15.48569 0.63799
-15.48991 0.63702
-15.49414 0.63606
-15.49838 0.63512
-15.50263 0.63418
-15.50690 0.63326
-15.51118 0.63235
-15.51547 0.63145
-15.51978 0.63057
-15.52409 0.62969
-15.52842 0.62883
-15.53276 0.62798
-15.53711 0.62714
-15.54148 0.62631
-15.54585 0.62550
-15.55024 0.62469
-15.55464 0.62390
-15.55904 0.62312
-15.56346 0.62235
-15.56789 0.62160
-15.57233 0.62085
-15.57679 0.62012
-15.58125 0.61941
-15.58572 0.61870
-15.58720 0.61847
-15.59177 0.61805
-15.59635 0.61765
-15.60093 0.61726
-15.60552 0.61689
-15.61012 0.61652
-15.61472 0.61617
-15.61933 0.61583
-15.62394 0.61551
-15.62855 0.61520
-15.63317 0.61490
-15.63780 0.61462
-15.64242 0.61434
-15.64706 0.61409
-15.65169 0.61384
-15.65633 0.61361
-15.66098 0.61339
-15.66562 0.61318
-15.67027 0.61299
-15.67493 0.61281
-15.67958 0.61265
-15.68424 0.61249
-15.68890 0.61235
-15.69356 0.61223
-15.69822 0.61212
-15.70289 0.61202
-15.70756 0.61193
-15.70796 0.61192
-15.71262 0.61213
-15.71727 0.61235
-15.72192 0.61259
-15.72657 0.61283
-15.73121 0.61309
-15.73585 0.61337
-15.74048 0.61366
-15.74511 0.61396
-15.74973 0.61427
-15.75435 0.61460
-15.75897 0.61493
-15.76358 0.61529
-15.76818 0.61565
-15.77278 0.61603
-15.77737 0.61642
-15.78196 0.61683
-15.78654 0.61725
-15.79111 0.61768
-15.79568 0.61812
-15.80024 0.61858
-15.80480 0.61905
-15.80934 0.61953
-15.81389 0.62002
-15.81842 0.62053
-15.82294 0.62105
-15.82746 0.62158
-15.82873 0.62174
-15.83312 0.62256
-15.83751 0.62339
-15.84189 0.62423
-15.84625 0.62509
-15.85060 0.62596
-15.85494 0.62684
-15.85927 0.62773
-15.86358 0.62863
-15.86789 0.62955
-15.87218 0.63048
-15.87645 0.63141
-15.88072 0.63236
-15.88497 0.63333
-15.88921 0.63430
-15.89343 0.63528
-15.89765 0.63628
-15.90185 0.63728
-15.90603 0.63830
-15.91020 0.63933
-15.91436 0.64037
-15.91851 0.64142
-15.92264 0.64248
-15.92676 0.64356
-15.93086 0.64464
-15.93495 0.64574
-15.93863 0.64673
-15.94251 0.64810
-15.94637 0.64948
-15.95021 0.65086
-15.95404 0.65226
-15.95785 0.65366
-15.96164 0.65508
-15.96542 0.65650
-15.96918 0.65793
-15.97292 0.65938
-15.97665 0.66083
-15.98036 0.66229
-15.98406 0.66376
-15.98774 0.66524
-15.99140 0.66673
-15.99505 0.66822
-15.99868 0.66973
-16.00229 0.67124
-16.00589 0.67277
-16.00947 0.67430
-16.01303 0.67584
-16.01658 0.67739
-16.02011 0.67894
-16.02363 0.68051
-16.02713 0.68208
-16.03048 0.68360
-16.03370 0.68542
-16.03691 0.68724
-16.04010 0.68907
-16.04327 0.69090
-16.04643 0.69275
-16.04957 0.69460
-16.05269 0.69645
-16.05580 0.69831
-16.05889 0.70018
-16.06196 0.70206
-16.06502 0.70394
-16.06806 0.70583
-16.07109 0.70773
-16.07409 0.70963
-16.07709 0.71154
-16.08006 0.71345
-16.08302 0.71537
-16.08597 0.71730
-16.08889 0.71924
-16.09181 0.72118
-16.09470 0.72312
-16.09759 0.72507
-16.10045 0.72703
-16.10179 0.72795
-16.10436 0.73011
-16.10691 0.73228
-16.10945 0.73445
-16.11197 0.73662
-16.11448 0.73880
-16.11697 0.74098
-16.11945 0.74317
-16.12191 0.74536
-16.12436 0.74756
-16.12679 0.74976
-16.12921 0.75196
-16.13162 0.75417
-16.13401 0.75638
-16.13638 0.75860
-16.13875 0.76083
-16.14110 0.76305
-16.14343 0.76528
-16.14576 0.76752
-16.14806 0.76976
-16.15036 0.77200
-16.15264 0.77425
-16.15370 0.77529
-16.15566 0.77770
-16.15762 0.78012
-16.15957 0.78254
-16.16150 0.78496
-16.16342 0.78739
-16.16533 0.78981
-16.16723 0.79225
-16.16912 0.79468
-16.17099 0.79712
-16.17285 0.79955
-16.17471 0.80200
-16.17655 0.80444
-16.17838 0.80689
-16.18019 0.80934
-16.18200 0.81179
-16.18380 0.81425
-16.18558 0.81671
-16.18736 0.81917
-16.18908 0.82157
-16.19054 0.82417
-16.19198 0.82676
-16.19342 0.82936
-16.19485 0.83196
-16.19626 0.83456
-16.19767 0.83717
-16.19907 0.83977
-16.20047 0.84238
-16.20185 0.84499
-16.20322 0.84759
-16.20459 0.85021
-16.20595 0.85282
-16.20730 0.85543
-16.20864 0.85805
-16.20997 0.86067
-16.21130 0.86328
-16.21139 0.86346
-16.21240 0.86618
-16.21342 0.86890
-16.21442 0.87162
-16.21542 0.87434
-16.21641 0.87706
-16.21740 0.87978
-16.21838 0.88251
-16.21935 0.88523
-16.22032 0.88796
-16.22128 0.89068
-16.22223 0.89341
-16.22319 0.89614
-16.22393 0.89830
-16.22458 0.90110
-16.22522 0.90389
-16.22585 0.90669
-16.22648 0.90949
-16.22711 0.91229
-16.22774 0.91509
-16.22836 0.91789
-16.22897 0.92069
-16.22959 0.92349
-16.22972 0.92411
-16.23004 0.92695
-16.23036 0.92980
-16.23068 0.93264
-16.23100 0.93548
-16.23131 0.93832
-16.23145 0.93955
-16.23153 0.94241
-16.23158 0.94386
-16.23195 0.94102
-16.23232 0.93819
-16.23250 0.93684
-16.23314 0.93405
-16.23378 0.93125
-16.23442 0.92846
-16.23507 0.92567
-16.23572 0.92287
-16.23637 0.92008
-16.23665 0.91891
-16.23760 0.91619
-16.23855 0.91347
-16.23951 0.91075
-16.24047 0.90803
-16.24144 0.90531
-16.24242 0.90259
-16.24340 0.89987
-16.24439 0.89716
-16.24538 0.89444
-16.24638 0.89173
-16.24663 0.89106
-16.24792 0.88845
-16.24923 0.88584
-16.25054 0.88322
-16.25186 0.88062
-16.25319 0.87801
-16.25453 0.87540
-16.25587 0.87280
-16.25722 0.87019
-16.25858 0.86759
-16.25995 0.86499
-16.26133 0.86240
-16.26271 0.85980
-16.26411 0.85721
-16.26532 0.85495
-16.26702 0.85249
-16.26873 0.85003
-16.27045 0.84757
-16.27217 0.84512
-16.27391 0.84267
-16.27566 0.84022
-16.27742 0.83777
-16.27918 0.83532
-16.28096 0.83288
-16.28275 0.83044
-16.28455 0.82801
-16.28636 0.82557
-16.28818 0.82314
-16.29001 0.82071
-16.29185 0.81829
-16.29371 0.81586
-16.29557 0.81344
-16.29597 0.81294
-16.29812 0.81068
-16.30030 0.80843
-16.30248 0.80618
-16.30467 0.80393
-16.30688 0.80169
-16.30910 0.79946
-16.31133 0.79722
-16.31358 0.79499
-16.31584 0.79277
-16.31811 0.79055
-16.32039 0.78833
-16.32269 0.78612
-16.32500 0.78391
-16.32732 0.78171
-16.32965 0.77950
-16.33200 0.77731
-16.33436 0.77512
-16.33674 0.77293
-16.33913 0.77075
-16.34153 0.76857
-16.34199 0.76815
-16.34468 0.76617
-16.34737 0.76419
-16.35008 0.76222
-16.35281 0.76026
-16.35555 0.75830
-16.35830 0.75634
-16.36107 0.75440
-16.36385 0.75245
-16.36665 0.75052
-16.36946 0.74859
-16.37228 0.74666
-16.37512 0.74475
-16.37798 0.74283
-16.38085 0.74093
-16.38373 0.73903
-16.38663 0.73713
-16.38954 0.73525
-16.39247 0.73337
-16.39541 0.73149
-16.39837 0.72962
-16.40135 0.72776
-16.40433 0.72590
-16.40659 0.72451
-16.40984 0.72289
-16.41311 0.72128
-16.41639 0.71967
-16.41968 0.71807
-16.42299 0.71648
-16.42631 0.71490
-16.42965 0.71332
-16.43300 0.71175
-16.43637 0.71020
-16.43975 0.70864
-16.44315 0.70710
-16.44656 0.70557
-16.44999 0.70404
-16.45343 0.70252
-16.45688 0.70101
-16.46036 0.69951
-16.46384 0.69802
-16.46734 0.69653
-16.47086 0.69506
-16.47439 0.69359
-16.47794 0.69213
-16.48150 0.69068
-16.48507 0.68924
-16.48866 0.68781
-16.49165 0.68662
-16.49546 0.68546
-16.49927 0.68430
-16.50310 0.68316
-16.50694 0.68202
-16.51079 0.68089
-16.51466 0.67978
-16.51853 0.67867
-16.52243 0.67757
-16.52633 0.67649
-16.53025 0.67541
-16.53417 0.67435
-16.53811 0.67329
-16.54207 0.67225
-16.54603 0.67122
-16.55001 0.67019
-16.55400 0.66918
-16.55800 0.66818
-16.56202 0.66719
-16.56604 0.66621
-16.57008 0.66524
-16.57413 0.66428
-16.57819 0.66333
-16.58226 0.66240
-16.58634 0.66147
-16.59044 0.66056
-16.59455 0.65965
-16.59610 0.65932
-16.60033 0.65870
-16.60457 0.65809
-16.60882 0.65750
-16.61308 0.65691
-16.61734 0.65634
-16.62161 0.65578
-16.62589 0.65524
-16.63018 0.65470
-16.63447 0.65418
-16.63877 0.65367
-16.64307 0.65317
-16.64739 0.65268
-16.65170 0.65221
-16.65603 0.65175
-16.66036 0.65130
-16.66470 0.65086
-16.66904 0.65043
-16.67339 0.65002
-16.67774 0.64962
-16.68210 0.64923
-16.68646 0.64886
-16.69083 0.64849
-16.69520 0.64814
-16.69958 0.64780
-16.70396 0.64747
-16.70835 0.64716
-16.71274 0.64686
-16.71433 0.64675
-16.71875 0.64675
-16.72316 0.64675
-16.72758 0.64677
-16.73200 0.64681
-16.73641 0.64685
-16.74083 0.64691
-16.74525 0.64698
-16.74966 0.64706
-16.75407 0.64716
-16.75848 0.64727
-16.76289 0.64739
-16.76730 0.64752
-16.77171 0.64766
-16.77611 0.64782
-16.78051 0.64799
-16.78491 0.64818
-16.78931 0.64837
-16.79370 0.64858
-16.79810 0.64880
-16.80248 0.64904
-16.80687 0.64928
-16.81125 0.64954
-16.81563 0.64981
-16.82000 0.65009
-16.82437 0.65039
-16.82874 0.65070
-16.83310 0.65102
-16.83639 0.65127
-16.84067 0.65189
-16.84494 0.65252
-16.84921 0.65316
-16.85346 0.65381
-16.85771 0.65448
-16.86195 0.65515
-16.86618 0.65584
-16.87040 0.65654
-16.87461 0.65726
-16.87882 0.65798
-16.88301 0.65871
-16.88719 0.65946
-16.89137 0.66022
-16.89553 0.66099
-16.89969 0.66177
-16.90383 0.66256
-16.90797 0.66337
-16.91209 0.66418
-16.91621 0.66501
-16.92031 0.66585
-16.92441 0.66670
-16.92849 0.66756
-16.93257 0.66843
-16.93663 0.66931
-16.94068 0.67020
-16.94472 0.67111
-16.94875 0.67202
-16.95095 0.67253
-16.95481 0.67372
-16.95865 0.67492
-16.96248 0.67613
-16.96630 0.67735
-16.97010 0.67858
-16.97389 0.67983
-16.97766 0.68108
-16.98143 0.68234
-16.98517 0.68361
-16.98891 0.68489
-16.99263 0.68617
-16.99633 0.68747
-17.00002 0.68878
-17.00370 0.69010
-17.00737 0.69142
-17.01102 0.69276
-17.01465 0.69410
-17.01827 0.69546
-17.02188 0.69682
-17.02547 0.69819
-17.02905 0.69957
-17.03262 0.70096
-17.03617 0.70236
-17.03970 0.70377
-17.04322 0.70519
-17.04673 0.70661
-17.04931 0.70767
-17.05258 0.70934
-17.05583 0.71102
-17.05907 0.71271
-17.06229 0.71441
-17.06550 0.71611
-17.06869 0.71782
-17.07186 0.71954
-17.07502 0.72127
-17.07817 0.72300
-17.08130 0.72474
-17.08442 0.72649
-17.08752 0.72824
-17.09060 0.73000
-17.09367 0.73177
-17.09673 0.73355
-17.09977 0.73533
-17.10280 0.73712
-17.10581 0.73891
-17.10881 0.74071
-17.11179 0.74252
-17.11476 0.74434
-17.11771 0.74616
-17.12065 0.74799
-17.12358 0.74982
-17.12649 0.75166
-17.12748 0.75230
-17.13012 0.75435
-17.13275 0.75641
-17.13536 0.75847
-17.13795 0.76054
-17.14053 0.76261
-17.14310 0.76469
-17.14565 0.76677
-17.14819 0.76886
-17.15072 0.77096
-17.15323 0.77305
-17.15573 0.77516
-17.15821 0.77726
-17.16068 0.77938
-17.16314 0.78150
-17.16559 0.78362
-17.16802 0.78574
-17.17044 0.78788
-17.17284 0.79001
-17.17523 0.79215
-17.17761 0.79430
-17.17998 0.79645
-17.18233 0.79860
-17.18467 0.80076
-17.18559 0.80161
-17.18764 0.80395
-17.18968 0.80628
-17.19170 0.80863
-17.19372 0.81097
-17.19572 0.81332
-17.19771 0.81567
-17.19969 0.81803
-17.20166 0.82039
-17.20362 0.82275
-17.20556 0.82512
-17.20750 0.82748
-17.20942 0.82986
-17.21133 0.83223
-17.21323 0.83461
-17.21512 0.83699
-17.21700 0.83937
-17.21887 0.84176
-17.22073 0.84415
-17.22258 0.84654
-17.22442 0.84893
-17.22611 0.85115
-17.22764 0.85369
-17.22917 0.85623
-17.23069 0.85877
-17.23220 0.86132
-17.23370 0.86387
-17.23519 0.86642
-17.23667 0.86897
-17.23814 0.87152
-17.23961 0.87408
-17.24106 0.87663
-17.24251 0.87919
-17.24395 0.88175
-17.24538 0.88432
-17.24680 0.88688
-17.24822 0.88945
-17.24962 0.89202
-17.25102 0.89459
-17.25239 0.89713
-17.25349 0.89981
-17.25458 0.90249
-17.25567 0.90517
-17.25674 0.90786
-17.25782 0.91054
-17.25888 0.91323
-17.25994 0.91592
-17.26099 0.91861
-17.26204 0.92130
-17.26308 0.92399
-17.26412 0.92668
-17.26515 0.92937
-17.26617 0.93207
-17.26719 0.93476
-17.26784 0.93651
-17.26857 0.93928
-17.26929 0.94206
-17.27000 0.94483
-17.27072 0.94761
-17.27142 0.95039
-17.27213 0.95316
-17.27283 0.95594
-17.27352 0.95872
-17.27422 0.96150
-17.27490 0.96428
-17.27557 0.96698